511
0
0.5
1e-004
0	-9.81	0
0.45	0.19	0	0	0	0	1	0.005	1	0.5	10	100000	0.01
0.46	0.19	0	0	0	0	1	0.005	1	0.5	10	100000	0.01
0.47	0.19	0	0	0	0	1	0.005	1	0.5	10	100000	0.01
0.48	0.19	0	0	0	0	1	0.005	1	0.5	10	100000	0.01
0.49	0.19	0	0	0	0	1	0.005	1	0.5	10	100000	0.01
0.5	0.19	0	0	0	0	1	0.005	1	0.5	10	100000	0.01
0.51	0.19	0	0	0	0	1	0.005	1	0.5	10	100000	0.01
0.52	0.19	0	0	0	0	1	0.005	1	0.5	10	100000	0.01
0.53	0.19	0	0	0	0	1	0.005	1	0.5	10	100000	0.01
0.54	0.19	0	0	0	0	1	0.005	1	0.5	10	100000	0.01
0.55	0.19	0	0	0	0	1	0.005	1	0.5	10	100000	0.01
0.5525	0.2	0	0	0	0	1	0.005	1	0.5	10	100000	0.01
0.4475	0.2	0	0	0	0	1	0.005	1	0.5	10	100000	0.01
0.5575	0.21	0	0	0	0	1	0.005	1	0.5	10	100000	0.01
0.4425	0.21	0	0	0	0	1	0.005	1	0.5	10	100000	0.01
0.5625	0.22	0	0	0	0	1	0.005	1	0.5	10	100000	0.01
0.4375	0.22	0	0	0	0	1	0.005	1	0.5	10	100000	0.01
0.5675	0.23	0	0	0	0	1	0.005	1	0.5	10	100000	0.01
0.4325	0.23	0	0	0	0	1	0.005	1	0.5	10	100000	0.01
0.5725	0.24	0	0	0	0	1	0.005	1	0.5	10	100000	0.01
0.4275	0.24	0	0	0	0	1	0.005	1	0.5	10	100000	0.01
0.5775	0.25	0	0	0	0	1	0.005	1	0.5	10	100000	0.01
0.4225	0.25	0	0	0	0	1	0.005	1	0.5	10	100000	0.01
0.5825	0.26	0	0	0	0	1	0.005	1	0.5	10	100000	0.01
0.4175	0.26	0	0	0	0	1	0.005	1	0.5	10	100000	0.01
0.5875	0.27	0	0	0	0	1	0.005	1	0.5	10	100000	0.01
0.4125	0.27	0	0	0	0	1	0.005	1	0.5	10	100000	0.01
0.5925	0.28	0	0	0	0	1	0.005	1	0.5	10	100000	0.01
0.4075	0.28	0	0	0	0	1	0.005	1	0.5	10	100000	0.01
0.5975	0.29	0	0	0	0	1	0.005	1	0.5	10	100000	0.01
0.4025	0.29	0	0	0	0	1	0.005	1	0.5	10	100000	0.01
0.6025	0.3	0	0	0	0	1	0.005	1	0.5	10	100000	0.01
0.3975	0.3	0	0	0	0	1	0.005	1	0.5	10	100000	0.01
0.6075	0.31	0	0	0	0	1	0.005	1	0.5	10	100000	0.01
0.3925	0.31	0	0	0	0	1	0.005	1	0.5	10	100000	0.01
0.6125	0.32	0	0	0	0	1	0.005	1	0.5	10	100000	0.01
0.3875	0.32	0	0	0	0	1	0.005	1	0.5	10	100000	0.01
0.6175	0.33	0	0	0	0	1	0.005	1	0.5	10	100000	0.01
0.3825	0.33	0	0	0	0	1	0.005	1	0.5	10	100000	0.01
0.6225	0.34	0	0	0	0	1	0.005	1	0.5	10	100000	0.01
0.3775	0.34	0	0	0	0	1	0.005	1	0.5	10	100000	0.01
0.6275	0.35	0	0	0	0	1	0.005	1	0.5	10	100000	0.01
0.3725	0.35	0	0	0	0	1	0.005	1	0.5	10	100000	0.01
0.6325	0.36	0	0	0	0	1	0.005	1	0.5	10	100000	0.01
0.3675	0.36	0	0	0	0	1	0.005	1	0.5	10	100000	0.01
0.6375	0.37	0	0	0	0	1	0.005	1	0.5	10	100000	0.01
0.3625	0.37	0	0	0	0	1	0.005	1	0.5	10	100000	0.01
0.6425	0.38	0	0	0	0	1	0.005	1	0.5	10	100000	0.01
0.3575	0.38	0	0	0	0	1	0.005	1	0.5	10	100000	0.01
0.6475	0.39	0	0	0	0	1	0.005	1	0.5	10	100000	0.01
0.3525	0.39	0	0	0	0	1	0.005	1	0.5	10	100000	0.01
0.6525	0.4	0	0	0	0	1	0.005	1	0.5	10	100000	0.01
0.3475	0.4	0	0	0	0	1	0.005	1	0.5	10	100000	0.01
0.6575	0.41	0	0	0	0	1	0.005	1	0.5	10	100000	0.01
0.3425	0.41	0	0	0	0	1	0.005	1	0.5	10	100000	0.01
0.6625	0.42	0	0	0	0	1	0.005	1	0.5	10	100000	0.01
0.3375	0.42	0	0	0	0	1	0.005	1	0.5	10	100000	0.01
0.6675	0.43	0	0	0	0	1	0.005	1	0.5	10	100000	0.01
0.3325	0.43	0	0	0	0	1	0.005	1	0.5	10	100000	0.01
0.6725	0.44	0	0	0	0	1	0.005	1	0.5	10	100000	0.01
0.3275	0.44	0	0	0	0	1	0.005	1	0.5	10	100000	0.01
0.6775	0.45	0	0	0	0	1	0.005	1	0.5	10	100000	0.01
0.3225	0.45	0	0	0	0	1	0.005	1	0.5	10	100000	0.01
0.6825	0.46	0	0	0	0	1	0.005	1	0.5	10	100000	0.01
0.3175	0.46	0	0	0	0	1	0.005	1	0.5	10	100000	0.01
0.6875	0.47	0	0	0	0	1	0.005	1	0.5	10	100000	0.01
0.3125	0.47	0	0	0	0	1	0.005	1	0.5	10	100000	0.01
0.6925	0.48	0	0	0	0	1	0.005	1	0.5	10	100000	0.01
0.3075	0.48	0	0	0	0	1	0.005	1	0.5	10	100000	0.01
0.6975	0.49	0	0	0	0	1	0.005	1	0.5	10	100000	0.01
0.3025	0.49	0	0	0	0	1	0.005	1	0.5	10	100000	0.01
0.7025	0.5	0	0	0	0	1	0.005	1	0.5	10	100000	0.01
0.2975	0.5	0	0	0	0	1	0.005	1	0.5	10	100000	0.01
0.7075	0.51	0	0	0	0	1	0.005	1	0.5	10	100000	0.01
0.2925	0.51	0	0	0	0	1	0.005	1	0.5	10	100000	0.01
0.7125	0.52	0	0	0	0	1	0.005	1	0.5	10	100000	0.01
0.2875	0.52	0	0	0	0	1	0.005	1	0.5	10	100000	0.01
0.7175	0.53	0	0	0	0	1	0.005	1	0.5	10	100000	0.01
0.2825	0.53	0	0	0	0	1	0.005	1	0.5	10	100000	0.01
0.7225	0.54	0	0	0	0	1	0.005	1	0.5	10	100000	0.01
0.2775	0.54	0	0	0	0	1	0.005	1	0.5	10	100000	0.01
0.7275	0.55	0	0	0	0	1	0.005	1	0.5	10	100000	0.01
0.2725	0.55	0	0	0	0	1	0.005	1	0.5	10	100000	0.01
0.7325	0.56	0	0	0	0	1	0.005	1	0.5	10	100000	0.01
0.2675	0.56	0	0	0	0	1	0.005	1	0.5	10	100000	0.01
0.7375	0.57	0	0	0	0	1	0.005	1	0.5	10	100000	0.01
0.2625	0.57	0	0	0	0	1	0.005	1	0.5	10	100000	0.01
0.7425	0.58	0	0	0	0	1	0.005	1	0.5	10	100000	0.01
0.2575	0.58	0	0	0	0	1	0.005	1	0.5	10	100000	0.01
0.7475	0.59	0	0	0	0	1	0.005	1	0.5	10	100000	0.01
0.2525	0.59	0	0	0	0	1	0.005	1	0.5	10	100000	0.01
0.7525	0.6	0	0	0	0	1	0.005	1	0.5	10	100000	0.01
0.2475	0.6	0	0	0	0	1	0.005	1	0.5	10	100000	0.01
0.7575	0.61	0	0	0	0	1	0.005	1	0.5	10	100000	0.01
0.2425	0.61	0	0	0	0	1	0.005	1	0.5	10	100000	0.01
0.7625	0.62	0	0	0	0	1	0.005	1	0.5	10	100000	0.01
0.2375	0.62	0	0	0	0	1	0.005	1	0.5	10	100000	0.01
0.7675	0.63	0	0	0	0	1	0.005	1	0.5	10	100000	0.01
0.2325	0.63	0	0	0	0	1	0.005	1	0.5	10	100000	0.01
0.7725	0.64	0	0	0	0	1	0.005	1	0.5	10	100000	0.01
0.2275	0.64	0	0	0	0	1	0.005	1	0.5	10	100000	0.01
0.7775	0.65	0	0	0	0	1	0.005	1	0.5	10	100000	0.01
0.2225	0.65	0	0	0	0	1	0.005	1	0.5	10	100000	0.01
0.7825	0.66	0	0	0	0	1	0.005	1	0.5	10	100000	0.01
0.2175	0.66	0	0	0	0	1	0.005	1	0.5	10	100000	0.01
0.7875	0.67	0	0	0	0	1	0.005	1	0.5	10	100000	0.01
0.2125	0.67	0	0	0	0	1	0.005	1	0.5	10	100000	0.01
0.7925	0.68	0	0	0	0	1	0.005	1	0.5	10	100000	0.01
0.2075	0.68	0	0	0	0	1	0.005	1	0.5	10	100000	0.01
0.7975	0.69	0	0	0	0	1	0.005	1	0.5	10	100000	0.01
0.2025	0.69	0	0	0	0	1	0.005	1	0.5	10	100000	0.01
0.38	0.42	0	0	0	0	0.445001	0.0040025	0	0.5	10	100000	0.01
0.38	0.433	0	0	0	0	0.730219	0.00512717	0	0.5	10	100000	0.01
0.38	0.446	0	0	0	0	0.534509	0.00438661	0	0.5	10	100000	0.01
0.38	0.459	0	0	0	0	0.876558	0.00561748	0	0.5	10	100000	0.01
0.38	0.472	0	0	0	0	0.742475	0.00517002	0	0.5	10	100000	0.01
0.38	0.485	0	0	0	0	0.683308	0.00495975	0	0.5	10	100000	0.01
0.38	0.498	0	0	0	0	0.613763	0.00470058	0	0.5	10	100000	0.01
0.38	0.511	0	0	0	0	0.931844	0.00579192	0	0.5	10	100000	0.01
0.38	0.524	0	0	0	0	0.885381	0.00564568	0	0.5	10	100000	0.01
0.38	0.537	0	0	0	0	0.838204	0.00549321	0	0.5	10	100000	0.01
0.38	0.55	0	0	0	0	0.525194	0.00434822	0	0.5	10	100000	0.01
0.38	0.563	0	0	0	0	0.908173	0.00571789	0	0.5	10	100000	0.01
0.38	0.576	0	0	0	0	0.816313	0.005421	0	0.5	10	100000	0.01
0.38	0.589	0	0	0	0	0.701984	0.00502707	0	0.5	10	100000	0.01
0.38	0.602	0	0	0	0	0.589821	0.00460799	0	0.5	10	100000	0.01
0.38	0.615	0	0	0	0	0.451129	0.00402997	0	0.5	10	100000	0.01
0.38	0.628	0	0	0	0	0.485996	0.00418281	0	0.5	10	100000	0.01
0.38	0.641	0	0	0	0	0.621181	0.0047289	0	0.5	10	100000	0.01
0.38	0.654	0	0	0	0	0.512328	0.00429463	0	0.5	10	100000	0.01
0.38	0.667	0	0	0	0	0.521235	0.0043318	0	0.5	10	100000	0.01
0.393	0.42	0	0	0	0	0.992365	0.00597705	0	0.5	10	100000	0.01
0.393	0.433	0	0	0	0	0.664601	0.00489138	0	0.5	10	100000	0.01
0.393	0.446	0	0	0	0	0.498946	0.00423817	0	0.5	10	100000	0.01
0.393	0.459	0	0	0	0	0.446522	0.00400934	0	0.5	10	100000	0.01
0.393	0.472	0	0	0	0	0.448414	0.00401782	0	0.5	10	100000	0.01
0.393	0.485	0	0	0	0	0.628257	0.00475576	0	0.5	10	100000	0.01
0.393	0.498	0	0	0	0	0.712146	0.00506333	0	0.5	10	100000	0.01
0.393	0.511	0	0	0	0	0.734554	0.00514237	0	0.5	10	100000	0.01
0.393	0.524	0	0	0	0	0.752131	0.00520353	0	0.5	10	100000	0.01
0.393	0.537	0	0	0	0	0.755257	0.00521433	0	0.5	10	100000	0.01
0.393	0.55	0	0	0	0	0.521397	0.00433247	0	0.5	10	100000	0.01
0.393	0.563	0	0	0	0	0.787979	0.00532609	0	0.5	10	100000	0.01
0.393	0.576	0	0	0	0	0.667374	0.00490158	0	0.5	10	100000	0.01
0.393	0.589	0	0	0	0	0.61472	0.00470425	0	0.5	10	100000	0.01
0.393	0.602	0	0	0	0	0.470157	0.00411408	0	0.5	10	100000	0.01
0.393	0.615	0	0	0	0	0.755558	0.00521537	0	0.5	10	100000	0.01
0.393	0.628	0	0	0	0	0.860762	0.00556664	0	0.5	10	100000	0.01
0.393	0.641	0	0	0	0	0.872734	0.00560521	0	0.5	10	100000	0.01
0.393	0.654	0	0	0	0	0.705534	0.00503977	0	0.5	10	100000	0.01
0.393	0.667	0	0	0	0	0.588775	0.0046039	0	0.5	10	100000	0.01
0.406	0.42	0	0	0	0	0.919024	0.00575195	0	0.5	10	100000	0.01
0.406	0.433	0	0	0	0	0.826085	0.00545335	0	0.5	10	100000	0.01
0.406	0.446	0	0	0	0	0.970817	0.0059118	0	0.5	10	100000	0.01
0.406	0.459	0	0	0	0	0.951092	0.00585144	0	0.5	10	100000	0.01
0.406	0.472	0	0	0	0	0.71648	0.00507871	0	0.5	10	100000	0.01
0.406	0.485	0	0	0	0	0.509957	0.00428468	0	0.5	10	100000	0.01
0.406	0.498	0	0	0	0	0.673538	0.00492416	0	0.5	10	100000	0.01
0.406	0.511	0	0	0	0	0.555188	0.00447066	0	0.5	10	100000	0.01
0.406	0.524	0	0	0	0	0.910268	0.00572448	0	0.5	10	100000	0.01
0.406	0.537	0	0	0	0	0.542482	0.0044192	0	0.5	10	100000	0.01
0.406	0.55	0	0	0	0	0.858499	0.00555931	0	0.5	10	100000	0.01
0.406	0.563	0	0	0	0	0.898485	0.00568731	0	0.5	10	100000	0.01
0.406	0.576	0	0	0	0	0.997865	0.00599359	0	0.5	10	100000	0.01
0.406	0.589	0	0	0	0	0.999797	0.00599939	0	0.5	10	100000	0.01
0.406	0.602	0	0	0	0	0.75777	0.005223	0	0.5	10	100000	0.01
0.406	0.615	0	0	0	0	0.635973	0.00478488	0	0.5	10	100000	0.01
0.406	0.628	0	0	0	0	0.570636	0.00453243	0	0.5	10	100000	0.01
0.406	0.641	0	0	0	0	0.586389	0.00459456	0	0.5	10	100000	0.01
0.406	0.654	0	0	0	0	0.896269	0.00568029	0	0.5	10	100000	0.01
0.406	0.667	0	0	0	0	0.45506	0.00404749	0	0.5	10	100000	0.01
0.419	0.42	0	0	0	0	0.627193	0.00475173	0	0.5	10	100000	0.01
0.419	0.433	0	0	0	0	0.486564	0.00418525	0	0.5	10	100000	0.01
0.419	0.446	0	0	0	0	0.796381	0.00535441	0	0.5	10	100000	0.01
0.419	0.459	0	0	0	0	0.46978	0.00411243	0	0.5	10	100000	0.01
0.419	0.472	0	0	0	0	0.448359	0.00401758	0	0.5	10	100000	0.01
0.419	0.485	0	0	0	0	0.946593	0.00583758	0	0.5	10	100000	0.01
0.419	0.498	0	0	0	0	0.575518	0.00455177	0	0.5	10	100000	0.01
0.419	0.511	0	0	0	0	0.574007	0.00454579	0	0.5	10	100000	0.01
0.419	0.524	0	0	0	0	0.744141	0.00517582	0	0.5	10	100000	0.01
0.419	0.537	0	0	0	0	0.804719	0.00538237	0	0.5	10	100000	0.01
0.419	0.55	0	0	0	0	0.894671	0.00567522	0	0.5	10	100000	0.01
0.419	0.563	0	0	0	0	0.825974	0.00545299	0	0.5	10	100000	0.01
0.419	0.576	0	0	0	0	0.686102	0.00496988	0	0.5	10	100000	0.01
0.419	0.589	0	0	0	0	0.540401	0.00441072	0	0.5	10	100000	0.01
0.419	0.602	0	0	0	0	0.836454	0.00548747	0	0.5	10	100000	0.01
0.419	0.615	0	0	0	0	0.677032	0.00493692	0	0.5	10	100000	0.01
0.419	0.628	0	0	0	0	0.671286	0.00491592	0	0.5	10	100000	0.01
0.419	0.641	0	0	0	0	0.966391	0.00589831	0	0.5	10	100000	0.01
0.419	0.654	0	0	0	0	0.836882	0.00548888	0	0.5	10	100000	0.01
0.419	0.667	0	0	0	0	0.493871	0.00421656	0	0.5	10	100000	0.01
0.432	0.42	0	0	0	0	0.750561	0.0051981	0	0.5	10	100000	0.01
0.432	0.433	0	0	0	0	0.63215	0.00477047	0	0.5	10	100000	0.01
0.432	0.446	0	0	0	0	0.831141	0.00547002	0	0.5	10	100000	0.01
0.432	0.459	0	0	0	0	0.756301	0.00521793	0	0.5	10	100000	0.01
0.432	0.472	0	0	0	0	0.735252	0.00514481	0	0.5	10	100000	0.01
0.432	0.485	0	0	0	0	0.619547	0.00472268	0	0.5	10	100000	0.01
0.432	0.498	0	0	0	0	0.514354	0.00430311	0	0.5	10	100000	0.01
0.432	0.511	0	0	0	0	0.550121	0.00445021	0	0.5	10	100000	0.01
0.432	0.524	0	0	0	0	0.653485	0.00485031	0	0.5	10	100000	0.01
0.432	0.537	0	0	0	0	0.872905	0.00560576	0	0.5	10	100000	0.01
0.432	0.55	0	0	0	0	0.70398	0.00503421	0	0.5	10	100000	0.01
0.432	0.563	0	0	0	0	0.993338	0.00597998	0	0.5	10	100000	0.01
0.432	0.576	0	0	0	0	0.841225	0.0055031	0	0.5	10	100000	0.01
0.432	0.589	0	0	0	0	0.611295	0.00469112	0	0.5	10	100000	0.01
0.432	0.602	0	0	0	0	0.52272	0.00433796	0	0.5	10	100000	0.01
0.432	0.615	0	0	0	0	0.784587	0.00531462	0	0.5	10	100000	0.01
0.432	0.628	0	0	0	0	0.68995	0.00498379	0	0.5	10	100000	0.01
0.432	0.641	0	0	0	0	0.473133	0.00412708	0	0.5	10	100000	0.01
0.432	0.654	0	0	0	0	0.809855	0.00539952	0	0.5	10	100000	0.01
0.432	0.667	0	0	0	0	0.697117	0.00500961	0	0.5	10	100000	0.01
0.445	0.42	0	0	0	0	0.512415	0.00429499	0	0.5	10	100000	0.01
0.445	0.433	0	0	0	0	0.966671	0.00589917	0	0.5	10	100000	0.01
0.445	0.446	0	0	0	0	0.509594	0.00428315	0	0.5	10	100000	0.01
0.445	0.459	0	0	0	0	0.937746	0.00581024	0	0.5	10	100000	0.01
0.445	0.472	0	0	0	0	0.805741	0.00538578	0	0.5	10	100000	0.01
0.445	0.485	0	0	0	0	0.589337	0.0046061	0	0.5	10	100000	0.01
0.445	0.498	0	0	0	0	0.654242	0.00485311	0	0.5	10	100000	0.01
0.445	0.511	0	0	0	0	0.476273	0.00414075	0	0.5	10	100000	0.01
0.445	0.524	0	0	0	0	0.977866	0.00593323	0	0.5	10	100000	0.01
0.445	0.537	0	0	0	0	0.799944	0.00536637	0	0.5	10	100000	0.01
0.445	0.55	0	0	0	0	0.515157	0.00430647	0	0.5	10	100000	0.01
0.445	0.563	0	0	0	0	0.919844	0.00575451	0	0.5	10	100000	0.01
0.445	0.576	0	0	0	0	0.884653	0.00564336	0	0.5	10	100000	0.01
0.445	0.589	0	0	0	0	0.740775	0.0051641	0	0.5	10	100000	0.01
0.445	0.602	0	0	0	0	0.533558	0.0043827	0	0.5	10	100000	0.01
0.445	0.615	0	0	0	0	0.527024	0.00435578	0	0.5	10	100000	0.01
0.445	0.628	0	0	0	0	0.881843	0.00563439	0	0.5	10	100000	0.01
0.445	0.641	0	0	0	0	0.680771	0.00495053	0	0.5	10	100000	0.01
0.445	0.654	0	0	0	0	0.516268	0.00431111	0	0.5	10	100000	0.01
0.445	0.667	0	0	0	0	0.696625	0.00500784	0	0.5	10	100000	0.01
0.458	0.42	0	0	0	0	0.829324	0.00546403	0	0.5	10	100000	0.01
0.458	0.433	0	0	0	0	0.642985	0.00481118	0	0.5	10	100000	0.01
0.458	0.446	0	0	0	0	0.577387	0.00455916	0	0.5	10	100000	0.01
0.458	0.459	0	0	0	0	0.73316	0.00513749	0	0.5	10	100000	0.01
0.458	0.472	0	0	0	0	0.79938	0.00536448	0	0.5	10	100000	0.01
0.458	0.485	0	0	0	0	0.843858	0.0055117	0	0.5	10	100000	0.01
0.458	0.498	0	0	0	0	0.823203	0.00544383	0	0.5	10	100000	0.01
0.458	0.511	0	0	0	0	0.680787	0.00495059	0	0.5	10	100000	0.01
0.458	0.524	0	0	0	0	0.500802	0.00424604	0	0.5	10	100000	0.01
0.458	0.537	0	0	0	0	0.622947	0.00473562	0	0.5	10	100000	0.01
0.458	0.55	0	0	0	0	0.892824	0.00566936	0	0.5	10	100000	0.01
0.458	0.563	0	0	0	0	0.46018	0.00407019	0	0.5	10	100000	0.01
0.458	0.576	0	0	0	0	0.703929	0.00503403	0	0.5	10	100000	0.01
0.458	0.589	0	0	0	0	0.787943	0.00532597	0	0.5	10	100000	0.01
0.458	0.602	0	0	0	0	0.654061	0.00485244	0	0.5	10	100000	0.01
0.458	0.615	0	0	0	0	0.492186	0.00420936	0	0.5	10	100000	0.01
0.458	0.628	0	0	0	0	0.966511	0.00589868	0	0.5	10	100000	0.01
0.458	0.641	0	0	0	0	0.948276	0.00584277	0	0.5	10	100000	0.01
0.458	0.654	0	0	0	0	0.722243	0.00509909	0	0.5	10	100000	0.01
0.458	0.667	0	0	0	0	0.611518	0.00469198	0	0.5	10	100000	0.01
0.471	0.42	0	0	0	0	0.678825	0.00494345	0	0.5	10	100000	0.01
0.471	0.433	0	0	0	0	0.626726	0.00474996	0	0.5	10	100000	0.01
0.471	0.446	0	0	0	0	0.900588	0.00569396	0	0.5	10	100000	0.01
0.471	0.459	0	0	0	0	0.596434	0.00463375	0	0.5	10	100000	0.01
0.471	0.472	0	0	0	0	0.670269	0.0049122	0	0.5	10	100000	0.01
0.471	0.485	0	0	0	0	0.573498	0.00454378	0	0.5	10	100000	0.01
0.471	0.498	0	0	0	0	0.988679	0.00596594	0	0.5	10	100000	0.01
0.471	0.511	0	0	0	0	0.586654	0.0045956	0	0.5	10	100000	0.01
0.471	0.524	0	0	0	0	0.833684	0.00547838	0	0.5	10	100000	0.01
0.471	0.537	0	0	0	0	0.732324	0.00513456	0	0.5	10	100000	0.01
0.471	0.55	0	0	0	0	0.535819	0.00439198	0	0.5	10	100000	0.01
0.471	0.563	0	0	0	0	0.847207	0.00552263	0	0.5	10	100000	0.01
0.471	0.576	0	0	0	0	0.895826	0.00567888	0	0.5	10	100000	0.01
0.471	0.589	0	0	0	0	0.638751	0.00479531	0	0.5	10	100000	0.01
0.471	0.602	0	0	0	0	0.694945	0.0050018	0	0.5	10	100000	0.01
0.471	0.615	0	0	0	0	0.928116	0.00578033	0	0.5	10	100000	0.01
0.471	0.628	0	0	0	0	0.456736	0.00405493	0	0.5	10	100000	0.01
0.471	0.641	0	0	0	0	0.996422	0.00598926	0	0.5	10	100000	0.01
0.471	0.654	0	0	0	0	0.735357	0.00514518	0	0.5	10	100000	0.01
0.471	0.667	0	0	0	0	0.467176	0.00410102	0	0.5	10	100000	0.01
0.484	0.42	0	0	0	0	0.711958	0.00506265	0	0.5	10	100000	0.01
0.484	0.433	0	0	0	0	0.534881	0.00438813	0	0.5	10	100000	0.01
0.484	0.446	0	0	0	0	0.898099	0.00568609	0	0.5	10	100000	0.01
0.484	0.459	0	0	0	0	0.766651	0.00525352	0	0.5	10	100000	0.01
0.484	0.472	0	0	0	0	0.784767	0.00531523	0	0.5	10	100000	0.01
0.484	0.485	0	0	0	0	0.536728	0.0043957	0	0.5	10	100000	0.01
0.484	0.498	0	0	0	0	0.89754	0.00568432	0	0.5	10	100000	0.01
0.484	0.511	0	0	0	0	0.500946	0.00424665	0	0.5	10	100000	0.01
0.484	0.524	0	0	0	0	0.494644	0.00421986	0	0.5	10	100000	0.01
0.484	0.537	0	0	0	0	0.836082	0.00548625	0	0.5	10	100000	0.01
0.484	0.55	0	0	0	0	0.594989	0.00462813	0	0.5	10	100000	0.01
0.484	0.563	0	0	0	0	0.961098	0.00588214	0	0.5	10	100000	0.01
0.484	0.576	0	0	0	0	0.580685	0.00457216	0	0.5	10	100000	0.01
0.484	0.589	0	0	0	0	0.606485	0.00467263	0	0.5	10	100000	0.01
0.484	0.602	0	0	0	0	0.50897	0.00428053	0	0.5	10	100000	0.01
0.484	0.615	0	0	0	0	0.829973	0.00546617	0	0.5	10	100000	0.01
0.484	0.628	0	0	0	0	0.892786	0.00566924	0	0.5	10	100000	0.01
0.484	0.641	0	0	0	0	0.814806	0.005416	0	0.5	10	100000	0.01
0.484	0.654	0	0	0	0	0.751249	0.00520048	0	0.5	10	100000	0.01
0.484	0.667	0	0	0	0	0.838577	0.00549443	0	0.5	10	100000	0.01
0.497	0.42	0	0	0	0	0.563863	0.00450545	0	0.5	10	100000	0.01
0.497	0.433	0	0	0	0	0.510975	0.00428895	0	0.5	10	100000	0.01
0.497	0.446	0	0	0	0	0.445164	0.00400323	0	0.5	10	100000	0.01
0.497	0.459	0	0	0	0	0.471972	0.00412201	0	0.5	10	100000	0.01
0.497	0.472	0	0	0	0	0.874997	0.00561248	0	0.5	10	100000	0.01
0.497	0.485	0	0	0	0	0.904164	0.00570525	0	0.5	10	100000	0.01
0.497	0.498	0	0	0	0	0.542962	0.00442116	0	0.5	10	100000	0.01
0.497	0.511	0	0	0	0	0.497309	0.00423121	0	0.5	10	100000	0.01
0.497	0.524	0	0	0	0	0.72432	0.00510642	0	0.5	10	100000	0.01
0.497	0.537	0	0	0	0	0.450801	0.0040285	0	0.5	10	100000	0.01
0.497	0.55	0	0	0	0	0.496448	0.00422755	0	0.5	10	100000	0.01
0.497	0.563	0	0	0	0	0.669403	0.00490902	0	0.5	10	100000	0.01
0.497	0.576	0	0	0	0	0.841635	0.00550444	0	0.5	10	100000	0.01
0.497	0.589	0	0	0	0	0.80171	0.0053723	0	0.5	10	100000	0.01
0.497	0.602	0	0	0	0	0.718789	0.00508689	0	0.5	10	100000	0.01
0.497	0.615	0	0	0	0	0.477889	0.00414777	0	0.5	10	100000	0.01
0.497	0.628	0	0	0	0	0.659734	0.00487344	0	0.5	10	100000	0.01
0.497	0.641	0	0	0	0	0.538727	0.00440388	0	0.5	10	100000	0.01
0.497	0.654	0	0	0	0	0.807733	0.00539244	0	0.5	10	100000	0.01
0.497	0.667	0	0	0	0	0.582857	0.00458071	0	0.5	10	100000	0.01
0.51	0.42	0	0	0	0	0.659717	0.00487338	0	0.5	10	100000	0.01
0.51	0.433	0	0	0	0	0.553749	0.00446486	0	0.5	10	100000	0.01
0.51	0.446	0	0	0	0	0.738378	0.00515574	0	0.5	10	100000	0.01
0.51	0.459	0	0	0	0	0.712662	0.00506516	0	0.5	10	100000	0.01
0.51	0.472	0	0	0	0	0.767774	0.00525736	0	0.5	10	100000	0.01
0.51	0.485	0	0	0	0	0.518492	0.00432038	0	0.5	10	100000	0.01
0.51	0.498	0	0	0	0	0.696744	0.00500827	0	0.5	10	100000	0.01
0.51	0.511	0	0	0	0	0.975513	0.00592608	0	0.5	10	100000	0.01
0.51	0.524	0	0	0	0	0.807459	0.00539152	0	0.5	10	100000	0.01
0.51	0.537	0	0	0	0	0.950497	0.0058496	0	0.5	10	100000	0.01
0.51	0.55	0	0	0	0	0.532874	0.00437989	0	0.5	10	100000	0.01
0.51	0.563	0	0	0	0	0.606295	0.0046719	0	0.5	10	100000	0.01
0.51	0.576	0	0	0	0	0.527245	0.0043567	0	0.5	10	100000	0.01
0.51	0.589	0	0	0	0	0.996788	0.00599036	0	0.5	10	100000	0.01
0.51	0.602	0	0	0	0	0.671002	0.00491488	0	0.5	10	100000	0.01
0.51	0.615	0	0	0	0	0.998678	0.00599603	0	0.5	10	100000	0.01
0.51	0.628	0	0	0	0	0.488837	0.00419501	0	0.5	10	100000	0.01
0.51	0.641	0	0	0	0	0.765725	0.00525034	0	0.5	10	100000	0.01
0.51	0.654	0	0	0	0	0.487387	0.00418879	0	0.5	10	100000	0.01
0.51	0.667	0	0	0	0	0.660279	0.00487545	0	0.5	10	100000	0.01
0.523	0.42	0	0	0	0	0.954865	0.00586303	0	0.5	10	100000	0.01
0.523	0.433	0	0	0	0	0.466231	0.00409687	0	0.5	10	100000	0.01
0.523	0.446	0	0	0	0	0.93098	0.00578924	0	0.5	10	100000	0.01
0.523	0.459	0	0	0	0	0.582687	0.00458003	0	0.5	10	100000	0.01
0.523	0.472	0	0	0	0	0.551208	0.0044546	0	0.5	10	100000	0.01
0.523	0.485	0	0	0	0	0.85197	0.00553813	0	0.5	10	100000	0.01
0.523	0.498	0	0	0	0	0.645729	0.00482144	0	0.5	10	100000	0.01
0.523	0.511	0	0	0	0	0.538742	0.00440394	0	0.5	10	100000	0.01
0.523	0.524	0	0	0	0	0.767417	0.00525614	0	0.5	10	100000	0.01
0.523	0.537	0	0	0	0	0.753508	0.00520829	0	0.5	10	100000	0.01
0.523	0.55	0	0	0	0	0.667823	0.00490323	0	0.5	10	100000	0.01
0.523	0.563	0	0	0	0	0.675878	0.00493271	0	0.5	10	100000	0.01
0.523	0.576	0	0	0	0	0.749856	0.00519565	0	0.5	10	100000	0.01
0.523	0.589	0	0	0	0	0.771308	0.00526945	0	0.5	10	100000	0.01
0.523	0.602	0	0	0	0	0.905538	0.00570959	0	0.5	10	100000	0.01
0.523	0.615	0	0	0	0	0.889118	0.00565758	0	0.5	10	100000	0.01
0.523	0.628	0	0	0	0	0.765494	0.00524955	0	0.5	10	100000	0.01
0.523	0.641	0	0	0	0	0.822594	0.00544182	0	0.5	10	100000	0.01
0.523	0.654	0	0	0	0	0.731454	0.0051315	0	0.5	10	100000	0.01
0.523	0.667	0	0	0	0	0.626807	0.00475027	0	0.5	10	100000	0.01
0.536	0.42	0	0	0	0	0.530115	0.00436854	0	0.5	10	100000	0.01
0.536	0.433	0	0	0	0	0.832904	0.00547581	0	0.5	10	100000	0.01
0.536	0.446	0	0	0	0	0.725411	0.00511026	0	0.5	10	100000	0.01
0.536	0.459	0	0	0	0	0.937726	0.00581017	0	0.5	10	100000	0.01
0.536	0.472	0	0	0	0	0.558939	0.00448573	0	0.5	10	100000	0.01
0.536	0.485	0	0	0	0	0.532384	0.00437788	0	0.5	10	100000	0.01
0.536	0.498	0	0	0	0	0.753843	0.00520945	0	0.5	10	100000	0.01
0.536	0.511	0	0	0	0	0.809105	0.00539702	0	0.5	10	100000	0.01
0.536	0.524	0	0	0	0	0.742247	0.00516923	0	0.5	10	100000	0.01
0.536	0.537	0	0	0	0	0.614289	0.0047026	0	0.5	10	100000	0.01
0.536	0.55	0	0	0	0	0.691371	0.00498892	0	0.5	10	100000	0.01
0.536	0.563	0	0	0	0	0.480889	0.00416077	0	0.5	10	100000	0.01
0.536	0.576	0	0	0	0	0.834632	0.00548149	0	0.5	10	100000	0.01
0.536	0.589	0	0	0	0	0.758089	0.0052241	0	0.5	10	100000	0.01
0.536	0.602	0	0	0	0	0.762933	0.00524076	0	0.5	10	100000	0.01
0.536	0.615	0	0	0	0	0.804682	0.00538224	0	0.5	10	100000	0.01
0.536	0.628	0	0	0	0	0.873931	0.00560906	0	0.5	10	100000	0.01
0.536	0.641	0	0	0	0	0.513188	0.00429823	0	0.5	10	100000	0.01
0.536	0.654	0	0	0	0	0.73733	0.00515207	0	0.5	10	100000	0.01
0.536	0.667	0	0	0	0	0.913766	0.00573547	0	0.5	10	100000	0.01
0.549	0.42	0	0	0	0	0.941907	0.00582311	0	0.5	10	100000	0.01
0.549	0.433	0	0	0	0	0.759631	0.00522941	0	0.5	10	100000	0.01
0.549	0.446	0	0	0	0	0.826695	0.00545537	0	0.5	10	100000	0.01
0.549	0.459	0	0	0	0	0.463858	0.00408643	0	0.5	10	100000	0.01
0.549	0.472	0	0	0	0	0.790781	0.00533555	0	0.5	10	100000	0.01
0.549	0.485	0	0	0	0	0.984415	0.00595306	0	0.5	10	100000	0.01
0.549	0.498	0	0	0	0	0.595476	0.00463002	0	0.5	10	100000	0.01
0.549	0.511	0	0	0	0	0.733421	0.0051384	0	0.5	10	100000	0.01
0.549	0.524	0	0	0	0	0.590759	0.00461165	0	0.5	10	100000	0.01
0.549	0.537	0	0	0	0	0.525106	0.00434785	0	0.5	10	100000	0.01
0.549	0.55	0	0	0	0	0.494	0.00421711	0	0.5	10	100000	0.01
0.549	0.563	0	0	0	0	0.914602	0.00573809	0	0.5	10	100000	0.01
0.549	0.576	0	0	0	0	0.903274	0.00570244	0	0.5	10	100000	0.01
0.549	0.589	0	0	0	0	0.836808	0.00548863	0	0.5	10	100000	0.01
0.549	0.602	0	0	0	0	0.515946	0.00430976	0	0.5	10	100000	0.01
0.549	0.615	0	0	0	0	0.601614	0.00465383	0	0.5	10	100000	0.01
0.549	0.628	0	0	0	0	0.48041	0.0041587	0	0.5	10	100000	0.01
0.549	0.641	0	0	0	0	0.479142	0.0041532	0	0.5	10	100000	0.01
0.549	0.654	0	0	0	0	0.774975	0.00528196	0	0.5	10	100000	0.01
0.549	0.667	0	0	0	0	0.883601	0.00564	0	0.5	10	100000	0.01
0.562	0.42	0	0	0	0	0.719721	0.00509018	0	0.5	10	100000	0.01
0.562	0.433	0	0	0	0	0.665995	0.00489651	0	0.5	10	100000	0.01
0.562	0.446	0	0	0	0	0.644798	0.00481796	0	0.5	10	100000	0.01
0.562	0.459	0	0	0	0	0.587137	0.00459749	0	0.5	10	100000	0.01
0.562	0.472	0	0	0	0	0.675443	0.00493112	0	0.5	10	100000	0.01
0.562	0.485	0	0	0	0	0.695114	0.00500241	0	0.5	10	100000	0.01
0.562	0.498	0	0	0	0	0.51488	0.00430531	0	0.5	10	100000	0.01
0.562	0.511	0	0	0	0	0.599612	0.00464608	0	0.5	10	100000	0.01
0.562	0.524	0	0	0	0	0.83296	0.005476	0	0.5	10	100000	0.01
0.562	0.537	0	0	0	0	0.594895	0.00462777	0	0.5	10	100000	0.01
0.562	0.55	0	0	0	0	0.887794	0.00565337	0	0.5	10	100000	0.01
0.562	0.563	0	0	0	0	0.972903	0.00591815	0	0.5	10	100000	0.01
0.562	0.576	0	0	0	0	0.917348	0.0057467	0	0.5	10	100000	0.01
0.562	0.589	0	0	0	0	0.825087	0.00545006	0	0.5	10	100000	0.01
0.562	0.602	0	0	0	0	0.587807	0.00460012	0	0.5	10	100000	0.01
0.562	0.615	0	0	0	0	0.963014	0.005888	0	0.5	10	100000	0.01
0.562	0.628	0	0	0	0	0.502791	0.00425446	0	0.5	10	100000	0.01
0.562	0.641	0	0	0	0	0.474141	0.00413147	0	0.5	10	100000	0.01
0.562	0.654	0	0	0	0	0.861782	0.00556993	0	0.5	10	100000	0.01
0.562	0.667	0	0	0	0	0.708169	0.00504917	0	0.5	10	100000	0.01
0.575	0.42	0	0	0	0	0.75669	0.00521928	0	0.5	10	100000	0.01
0.575	0.433	0	0	0	0	0.970957	0.00591223	0	0.5	10	100000	0.01
0.575	0.446	0	0	0	0	0.477144	0.00414454	0	0.5	10	100000	0.01
0.575	0.459	0	0	0	0	0.91881	0.00575127	0	0.5	10	100000	0.01
0.575	0.472	0	0	0	0	0.782552	0.00530772	0	0.5	10	100000	0.01
0.575	0.485	0	0	0	0	0.599139	0.00464425	0	0.5	10	100000	0.01
0.575	0.498	0	0	0	0	0.492243	0.0042096	0	0.5	10	100000	0.01
0.575	0.511	0	0	0	0	0.697253	0.0050101	0	0.5	10	100000	0.01
0.575	0.524	0	0	0	0	0.551102	0.00445418	0	0.5	10	100000	0.01
0.575	0.537	0	0	0	0	0.582826	0.00458058	0	0.5	10	100000	0.01
0.575	0.55	0	0	0	0	0.947365	0.00583996	0	0.5	10	100000	0.01
0.575	0.563	0	0	0	0	0.72316	0.00510233	0	0.5	10	100000	0.01
0.575	0.576	0	0	0	0	0.787834	0.0053256	0	0.5	10	100000	0.01
0.575	0.589	0	0	0	0	0.496807	0.00422907	0	0.5	10	100000	0.01
0.575	0.602	0	0	0	0	0.690305	0.00498508	0	0.5	10	100000	0.01
0.575	0.615	0	0	0	0	0.628918	0.00475826	0	0.5	10	100000	0.01
0.575	0.628	0	0	0	0	0.692674	0.00499362	0	0.5	10	100000	0.01
0.575	0.641	0	0	0	0	0.866984	0.00558672	0	0.5	10	100000	0.01
0.575	0.654	0	0	0	0	0.6996	0.00501852	0	0.5	10	100000	0.01
0.575	0.667	0	0	0	0	0.63063	0.00476473	0	0.5	10	100000	0.01
0.588	0.42	0	0	0	0	0.802913	0.00537632	0	0.5	10	100000	0.01
0.588	0.433	0	0	0	0	0.712421	0.0050643	0	0.5	10	100000	0.01
0.588	0.446	0	0	0	0	0.754744	0.00521256	0	0.5	10	100000	0.01
0.588	0.459	0	0	0	0	0.637434	0.00479037	0	0.5	10	100000	0.01
0.588	0.472	0	0	0	0	0.447066	0.00401178	0	0.5	10	100000	0.01
0.588	0.485	0	0	0	0	0.814733	0.00541575	0	0.5	10	100000	0.01
0.588	0.498	0	0	0	0	0.490289	0.00420124	0	0.5	10	100000	0.01
0.588	0.511	0	0	0	0	0.764497	0.00524613	0	0.5	10	100000	0.01
0.588	0.524	0	0	0	0	0.910909	0.00572649	0	0.5	10	100000	0.01
0.588	0.537	0	0	0	0	0.689731	0.004983	0	0.5	10	100000	0.01
0.588	0.55	0	0	0	0	0.838651	0.00549467	0	0.5	10	100000	0.01
0.588	0.563	0	0	0	0	0.692725	0.0049938	0	0.5	10	100000	0.01
0.588	0.576	0	0	0	0	0.629435	0.00476022	0	0.5	10	100000	0.01
0.588	0.589	0	0	0	0	0.862028	0.00557073	0	0.5	10	100000	0.01
0.588	0.602	0	0	0	0	0.724095	0.00510562	0	0.5	10	100000	0.01
0.588	0.615	0	0	0	0	0.617323	0.00471419	0	0.5	10	100000	0.01
0.588	0.628	0	0	0	0	0.970696	0.00591144	0	0.5	10	100000	0.01
0.588	0.641	0	0	0	0	0.76904	0.0052617	0	0.5	10	100000	0.01
0.588	0.654	0	0	0	0	0.526389	0.00435316	0	0.5	10	100000	0.01
0.588	0.667	0	0	0	0	0.62634	0.0047485	0	0.5	10	100000	0.01
0.601	0.42	0	0	0	0	0.50487	0.00426325	0	0.5	10	100000	0.01
0.601	0.433	0	0	0	0	0.836175	0.00548656	0	0.5	10	100000	0.01
0.601	0.446	0	0	0	0	0.968072	0.00590344	0	0.5	10	100000	0.01
0.601	0.459	0	0	0	0	0.758053	0.00522398	0	0.5	10	100000	0.01
0.601	0.472	0	0	0	0	0.456901	0.00405567	0	0.5	10	100000	0.01
0.601	0.485	0	0	0	0	0.60313	0.00465969	0	0.5	10	100000	0.01
0.601	0.498	0	0	0	0	0.469641	0.00411182	0	0.5	10	100000	0.01
0.601	0.511	0	0	0	0	0.773937	0.00527842	0	0.5	10	100000	0.01
0.601	0.524	0	0	0	0	0.50487	0.00426325	0	0.5	10	100000	0.01
0.601	0.537	0	0	0	0	0.900646	0.00569414	0	0.5	10	100000	0.01
0.601	0.55	0	0	0	0	0.911589	0.00572863	0	0.5	10	100000	0.01
0.601	0.563	0	0	0	0	0.74931	0.00519376	0	0.5	10	100000	0.01
0.601	0.576	0	0	0	0	0.823036	0.00544328	0	0.5	10	100000	0.01
0.601	0.589	0	0	0	0	0.905015	0.00570794	0	0.5	10	100000	0.01
0.601	0.602	0	0	0	0	0.450993	0.00402936	0	0.5	10	100000	0.01
0.601	0.615	0	0	0	0	0.50243	0.00425294	0	0.5	10	100000	0.01
0.601	0.628	0	0	0	0	0.814751	0.00541581	0	0.5	10	100000	0.01
0.601	0.641	0	0	0	0	0.76105	0.00523429	0	0.5	10	100000	0.01
0.601	0.654	0	0	0	0	0.5464	0.00443513	0	0.5	10	100000	0.01
0.601	0.667	0	0	0	0	0.474239	0.0041319	0	0.5	10	100000	0.01
0.614	0.42	0	0	0	0	0.52269	0.00433784	0	0.5	10	100000	0.01
0.614	0.433	0	0	0	0	0.765102	0.00524821	0	0.5	10	100000	0.01
0.614	0.446	0	0	0	0	0.608911	0.00468197	0	0.5	10	100000	0.01
0.614	0.459	0	0	0	0	0.597739	0.00463881	0	0.5	10	100000	0.01
0.614	0.472	0	0	0	0	0.622818	0.00473513	0	0.5	10	100000	0.01
0.614	0.485	0	0	0	0	0.786769	0.005322	0	0.5	10	100000	0.01
0.614	0.498	0	0	0	0	0.872601	0.00560479	0	0.5	10	100000	0.01
0.614	0.511	0	0	0	0	0.875397	0.00561376	0	0.5	10	100000	0.01
0.614	0.524	0	0	0	0	0.709265	0.00505307	0	0.5	10	100000	0.01
0.614	0.537	0	0	0	0	0.75754	0.00522221	0	0.5	10	100000	0.01
0.614	0.55	0	0	0	0	0.86998	0.00559636	0	0.5	10	100000	0.01
0.614	0.563	0	0	0	0	0.934832	0.0058012	0	0.5	10	100000	0.01
0.614	0.576	0	0	0	0	0.511135	0.00428962	0	0.5	10	100000	0.01
0.614	0.589	0	0	0	0	0.768648	0.00526035	0	0.5	10	100000	0.01
0.614	0.602	0	0	0	0	0.64129	0.00480483	0	0.5	10	100000	0.01
0.614	0.615	0	0	0	0	0.564352	0.0045074	0	0.5	10	100000	0.01
0.614	0.628	0	0	0	0	0.5072	0.00427308	0	0.5	10	100000	0.01
0.614	0.641	0	0	0	0	0.90579	0.00571038	0	0.5	10	100000	0.01
0.614	0.654	0	0	0	0	0.474337	0.00413233	0	0.5	10	100000	0.01
0.614	0.667	0	0	0	0	0.654917	0.00485562	0	0.5	10	100000	0.01
0.627	0.42	0	0	0	0	0.735793	0.0051467	0	0.5	10	100000	0.01
0.627	0.433	0	0	0	0	0.588947	0.00460457	0	0.5	10	100000	0.01
0.627	0.446	0	0	0	0	0.721396	0.0050961	0	0.5	10	100000	0.01
0.627	0.459	0	0	0	0	0.550348	0.00445112	0	0.5	10	100000	0.01
0.627	0.472	0	0	0	0	0.593593	0.0046227	0	0.5	10	100000	0.01
0.627	0.485	0	0	0	0	0.494973	0.00422126	0	0.5	10	100000	0.01
0.627	0.498	0	0	0	0	0.87612	0.00561608	0	0.5	10	100000	0.01
0.627	0.511	0	0	0	0	0.506331	0.00426942	0	0.5	10	100000	0.01
0.627	0.524	0	0	0	0	0.579755	0.0045685	0	0.5	10	100000	0.01
0.627	0.537	0	0	0	0	0.863729	0.00557622	0	0.5	10	100000	0.01
0.627	0.55	0	0	0	0	0.931373	0.00579046	0	0.5	10	100000	0.01
0.627	0.563	0	0	0	0	0.864674	0.00557927	0	0.5	10	100000	0.01
0.627	0.576	0	0	0	0	0.836491	0.00548759	0	0.5	10	100000	0.01
0.627	0.589	0	0	0	0	0.759932	0.00523045	0	0.5	10	100000	0.01
0.627	0.602	0	0	0	0	0.619435	0.00472225	0	0.5	10	100000	0.01
0.627	0.615	0	0	0	0	0.906719	0.00571331	0	0.5	10	100000	0.01
0.627	0.628	0	0	0	0	0.551797	0.00445698	0	0.5	10	100000	0.01
0.627	0.641	0	0	0	0	0.911123	0.00572716	0	0.5	10	100000	0.01
0.627	0.654	0	0	0	0	0.552266	0.00445888	0	0.5	10	100000	0.01
0.627	0.667	0	0	0	0	0.562275	0.0044991	0	0.5	10	100000	0.01
