321
1
100
1e-005
0	-9.81	0
0.25	0.19	0	0	0	0	1	0.005	1	0.5	10	100000	0.01
0.26	0.19	0	0	0	0	1	0.005	1	0.5	10	100000	0.01
0.27	0.19	0	0	0	0	1	0.005	1	0.5	10	100000	0.01
0.28	0.19	0	0	0	0	1	0.005	1	0.5	10	100000	0.01
0.29	0.19	0	0	0	0	1	0.005	1	0.5	10	100000	0.01
0.3	0.19	0	0	0	0	1	0.005	1	0.5	10	100000	0.01
0.31	0.19	0	0	0	0	1	0.005	1	0.5	10	100000	0.01
0.32	0.19	0	0	0	0	1	0.005	1	0.5	10	100000	0.01
0.33	0.19	0	0	0	0	1	0.005	1	0.5	10	100000	0.01
0.34	0.19	0	0	0	0	1	0.005	1	0.5	10	100000	0.01
0.35	0.19	0	0	0	0	1	0.005	1	0.5	10	100000	0.01
0.36	0.19	0	0	0	0	1	0.005	1	0.5	10	100000	0.01
0.37	0.19	0	0	0	0	1	0.005	1	0.5	10	100000	0.01
0.38	0.19	0	0	0	0	1	0.005	1	0.5	10	100000	0.01
0.39	0.19	0	0	0	0	1	0.005	1	0.5	10	100000	0.01
0.4	0.19	0	0	0	0	1	0.005	1	0.5	10	100000	0.01
0.41	0.19	0	0	0	0	1	0.005	1	0.5	10	100000	0.01
0.42	0.19	0	0	0	0	1	0.005	1	0.5	10	100000	0.01
0.43	0.19	0	0	0	0	1	0.005	1	0.5	10	100000	0.01
0.44	0.19	0	0	0	0	1	0.005	1	0.5	10	100000	0.01
0.45	0.19	0	0	0	0	1	0.005	1	0.5	10	100000	0.01
0.46	0.19	0	0	0	0	1	0.005	1	0.5	10	100000	0.01
0.47	0.19	0	0	0	0	1	0.005	1	0.5	10	100000	0.01
0.48	0.19	0	0	0	0	1	0.005	1	0.5	10	100000	0.01
0.49	0.19	0	0	0	0	1	0.005	1	0.5	10	100000	0.01
0.5	0.19	0	0	0	0	1	0.005	1	0.5	10	100000	0.01
0.51	0.19	0	0	0	0	1	0.005	1	0.5	10	100000	0.01
0.52	0.19	0	0	0	0	1	0.005	1	0.5	10	100000	0.01
0.53	0.19	0	0	0	0	1	0.005	1	0.5	10	100000	0.01
0.54	0.19	0	0	0	0	1	0.005	1	0.5	10	100000	0.01
0.55	0.19	0	0	0	0	1	0.005	1	0.5	10	100000	0.01
0.56	0.19	0	0	0	0	1	0.005	1	0.5	10	100000	0.01
0.57	0.19	0	0	0	0	1	0.005	1	0.5	10	100000	0.01
0.58	0.19	0	0	0	0	1	0.005	1	0.5	10	100000	0.01
0.59	0.19	0	0	0	0	1	0.005	1	0.5	10	100000	0.01
0.6	0.19	0	0	0	0	1	0.005	1	0.5	10	100000	0.01
0.61	0.19	0	0	0	0	1	0.005	1	0.5	10	100000	0.01
0.62	0.19	0	0	0	0	1	0.005	1	0.5	10	100000	0.01
0.63	0.19	0	0	0	0	1	0.005	1	0.5	10	100000	0.01
0.64	0.19	0	0	0	0	1	0.005	1	0.5	10	100000	0.01
0.25	0.19	0	0	0	0	1	0.005	1	0.5	10	100000	0.01
0.65	0.19	0	0	0	0	1	0.005	1	0.5	10	100000	0.01
0.25	0.2	0	0	0	0	1	0.005	1	0.5	10	100000	0.01
0.65	0.2	0	0	0	0	1	0.005	1	0.5	10	100000	0.01
0.25	0.21	0	0	0	0	1	0.005	1	0.5	10	100000	0.01
0.65	0.21	0	0	0	0	1	0.005	1	0.5	10	100000	0.01
0.25	0.22	0	0	0	0	1	0.005	1	0.5	10	100000	0.01
0.65	0.22	0	0	0	0	1	0.005	1	0.5	10	100000	0.01
0.25	0.23	0	0	0	0	1	0.005	1	0.5	10	100000	0.01
0.65	0.23	0	0	0	0	1	0.005	1	0.5	10	100000	0.01
0.25	0.24	0	0	0	0	1	0.005	1	0.5	10	100000	0.01
0.65	0.24	0	0	0	0	1	0.005	1	0.5	10	100000	0.01
0.25	0.25	0	0	0	0	1	0.005	1	0.5	10	100000	0.01
0.65	0.25	0	0	0	0	1	0.005	1	0.5	10	100000	0.01
0.25	0.26	0	0	0	0	1	0.005	1	0.5	10	100000	0.01
0.65	0.26	0	0	0	0	1	0.005	1	0.5	10	100000	0.01
0.25	0.27	0	0	0	0	1	0.005	1	0.5	10	100000	0.01
0.65	0.27	0	0	0	0	1	0.005	1	0.5	10	100000	0.01
0.25	0.28	0	0	0	0	1	0.005	1	0.5	10	100000	0.01
0.65	0.28	0	0	0	0	1	0.005	1	0.5	10	100000	0.01
0.25	0.29	0	0	0	0	1	0.005	1	0.5	10	100000	0.01
0.65	0.29	0	0	0	0	1	0.005	1	0.5	10	100000	0.01
0.25	0.3	0	0	0	0	1	0.005	1	0.5	10	100000	0.01
0.65	0.3	0	0	0	0	1	0.005	1	0.5	10	100000	0.01
0.25	0.31	0	0	0	0	1	0.005	1	0.5	10	100000	0.01
0.65	0.31	0	0	0	0	1	0.005	1	0.5	10	100000	0.01
0.25	0.32	0	0	0	0	1	0.005	1	0.5	10	100000	0.01
0.65	0.32	0	0	0	0	1	0.005	1	0.5	10	100000	0.01
0.25	0.33	0	0	0	0	1	0.005	1	0.5	10	100000	0.01
0.65	0.33	0	0	0	0	1	0.005	1	0.5	10	100000	0.01
0.25	0.34	0	0	0	0	1	0.005	1	0.5	10	100000	0.01
0.65	0.34	0	0	0	0	1	0.005	1	0.5	10	100000	0.01
0.25	0.35	0	0	0	0	1	0.005	1	0.5	10	100000	0.01
0.65	0.35	0	0	0	0	1	0.005	1	0.5	10	100000	0.01
0.25	0.36	0	0	0	0	1	0.005	1	0.5	10	100000	0.01
0.65	0.36	0	0	0	0	1	0.005	1	0.5	10	100000	0.01
0.25	0.37	0	0	0	0	1	0.005	1	0.5	10	100000	0.01
0.65	0.37	0	0	0	0	1	0.005	1	0.5	10	100000	0.01
0.25	0.38	0	0	0	0	1	0.005	1	0.5	10	100000	0.01
0.65	0.38	0	0	0	0	1	0.005	1	0.5	10	100000	0.01
0.25	0.39	0	0	0	0	1	0.005	1	0.5	10	100000	0.01
0.65	0.39	0	0	0	0	1	0.005	1	0.5	10	100000	0.01
0.25	0.4	0	0	0	0	1	0.005	1	0.5	10	100000	0.01
0.65	0.4	0	0	0	0	1	0.005	1	0.5	10	100000	0.01
0.25	0.41	0	0	0	0	1	0.005	1	0.5	10	100000	0.01
0.65	0.41	0	0	0	0	1	0.005	1	0.5	10	100000	0.01
0.25	0.42	0	0	0	0	1	0.005	1	0.5	10	100000	0.01
0.65	0.42	0	0	0	0	1	0.005	1	0.5	10	100000	0.01
0.25	0.43	0	0	0	0	1	0.005	1	0.5	10	100000	0.01
0.65	0.43	0	0	0	0	1	0.005	1	0.5	10	100000	0.01
0.25	0.44	0	0	0	0	1	0.005	1	0.5	10	100000	0.01
0.65	0.44	0	0	0	0	1	0.005	1	0.5	10	100000	0.01
0.25	0.45	0	0	0	0	1	0.005	1	0.5	10	100000	0.01
0.65	0.45	0	0	0	0	1	0.005	1	0.5	10	100000	0.01
0.25	0.46	0	0	0	0	1	0.005	1	0.5	10	100000	0.01
0.65	0.46	0	0	0	0	1	0.005	1	0.5	10	100000	0.01
0.25	0.47	0	0	0	0	1	0.005	1	0.5	10	100000	0.01
0.65	0.47	0	0	0	0	1	0.005	1	0.5	10	100000	0.01
0.25	0.48	0	0	0	0	1	0.005	1	0.5	10	100000	0.01
0.65	0.48	0	0	0	0	1	0.005	1	0.5	10	100000	0.01
0.25	0.49	0	0	0	0	1	0.005	1	0.5	10	100000	0.01
0.65	0.49	0	0	0	0	1	0.005	1	0.5	10	100000	0.01
0.25	0.5	0	0	0	0	1	0.005	1	0.5	10	100000	0.01
0.65	0.5	0	0	0	0	1	0.005	1	0.5	10	100000	0.01
0.25	0.51	0	0	0	0	1	0.005	1	0.5	10	100000	0.01
0.65	0.51	0	0	0	0	1	0.005	1	0.5	10	100000	0.01
0.25	0.52	0	0	0	0	1	0.005	1	0.5	10	100000	0.01
0.65	0.52	0	0	0	0	1	0.005	1	0.5	10	100000	0.01
0.25	0.53	0	0	0	0	1	0.005	1	0.5	10	100000	0.01
0.65	0.53	0	0	0	0	1	0.005	1	0.5	10	100000	0.01
0.25	0.54	0	0	0	0	1	0.005	1	0.5	10	100000	0.01
0.65	0.54	0	0	0	0	1	0.005	1	0.5	10	100000	0.01
0.25	0.55	0	0	0	0	1	0.005	1	0.5	10	100000	0.01
0.65	0.55	0	0	0	0	1	0.005	1	0.5	10	100000	0.01
0.25	0.56	0	0	0	0	1	0.005	1	0.5	10	100000	0.01
0.65	0.56	0	0	0	0	1	0.005	1	0.5	10	100000	0.01
0.25	0.57	0	0	0	0	1	0.005	1	0.5	10	100000	0.01
0.65	0.57	0	0	0	0	1	0.005	1	0.5	10	100000	0.01
0.25	0.58	0	0	0	0	1	0.005	1	0.5	10	100000	0.01
0.65	0.58	0	0	0	0	1	0.005	1	0.5	10	100000	0.01
0.2815	0.253	0	0	0	0	0.445001	0.0040025	0	0.5	10	100000	0.01
0.2815	0.266	0	0	0	0	0.730219	0.00512717	0	0.5	10	100000	0.01
0.2815	0.279	0	0	0	0	0.534509	0.00438661	0	0.5	10	100000	0.01
0.2815	0.292	0	0	0	0	0.876558	0.00561748	0	0.5	10	100000	0.01
0.2815	0.305	0	0	0	0	0.742475	0.00517002	0	0.5	10	100000	0.01
0.2815	0.318	0	0	0	0	0.683308	0.00495975	0	0.5	10	100000	0.01
0.2815	0.331	0	0	0	0	0.613763	0.00470058	0	0.5	10	100000	0.01
0.2815	0.344	0	0	0	0	0.931844	0.00579192	0	0.5	10	100000	0.01
0.2815	0.357	0	0	0	0	0.885381	0.00564568	0	0.5	10	100000	0.01
0.2815	0.37	0	0	0	0	0.838204	0.00549321	0	0.5	10	100000	0.01
0.2945	0.253	0	0	0	0	0.525194	0.00434822	0	0.5	10	100000	0.01
0.2945	0.266	0	0	0	0	0.908173	0.00571789	0	0.5	10	100000	0.01
0.2945	0.279	0	0	0	0	0.816313	0.005421	0	0.5	10	100000	0.01
0.2945	0.292	0	0	0	0	0.701984	0.00502707	0	0.5	10	100000	0.01
0.2945	0.305	0	0	0	0	0.589821	0.00460799	0	0.5	10	100000	0.01
0.2945	0.318	0	0	0	0	0.451129	0.00402997	0	0.5	10	100000	0.01
0.2945	0.331	0	0	0	0	0.485996	0.00418281	0	0.5	10	100000	0.01
0.2945	0.344	0	0	0	0	0.621181	0.0047289	0	0.5	10	100000	0.01
0.2945	0.357	0	0	0	0	0.512328	0.00429463	0	0.5	10	100000	0.01
0.2945	0.37	0	0	0	0	0.521235	0.0043318	0	0.5	10	100000	0.01
0.3075	0.253	0	0	0	0	0.992365	0.00597705	0	0.5	10	100000	0.01
0.3075	0.266	0	0	0	0	0.664601	0.00489138	0	0.5	10	100000	0.01
0.3075	0.279	0	0	0	0	0.498946	0.00423817	0	0.5	10	100000	0.01
0.3075	0.292	0	0	0	0	0.446522	0.00400934	0	0.5	10	100000	0.01
0.3075	0.305	0	0	0	0	0.448414	0.00401782	0	0.5	10	100000	0.01
0.3075	0.318	0	0	0	0	0.628257	0.00475576	0	0.5	10	100000	0.01
0.3075	0.331	0	0	0	0	0.712146	0.00506333	0	0.5	10	100000	0.01
0.3075	0.344	0	0	0	0	0.734554	0.00514237	0	0.5	10	100000	0.01
0.3075	0.357	0	0	0	0	0.752131	0.00520353	0	0.5	10	100000	0.01
0.3075	0.37	0	0	0	0	0.755257	0.00521433	0	0.5	10	100000	0.01
0.3205	0.253	0	0	0	0	0.521397	0.00433247	0	0.5	10	100000	0.01
0.3205	0.266	0	0	0	0	0.787979	0.00532609	0	0.5	10	100000	0.01
0.3205	0.279	0	0	0	0	0.667374	0.00490158	0	0.5	10	100000	0.01
0.3205	0.292	0	0	0	0	0.61472	0.00470425	0	0.5	10	100000	0.01
0.3205	0.305	0	0	0	0	0.470157	0.00411408	0	0.5	10	100000	0.01
0.3205	0.318	0	0	0	0	0.755558	0.00521537	0	0.5	10	100000	0.01
0.3205	0.331	0	0	0	0	0.860762	0.00556664	0	0.5	10	100000	0.01
0.3205	0.344	0	0	0	0	0.872734	0.00560521	0	0.5	10	100000	0.01
0.3205	0.357	0	0	0	0	0.705534	0.00503977	0	0.5	10	100000	0.01
0.3205	0.37	0	0	0	0	0.588775	0.0046039	0	0.5	10	100000	0.01
0.3335	0.253	0	0	0	0	0.919024	0.00575195	0	0.5	10	100000	0.01
0.3335	0.266	0	0	0	0	0.826085	0.00545335	0	0.5	10	100000	0.01
0.3335	0.279	0	0	0	0	0.970817	0.0059118	0	0.5	10	100000	0.01
0.3335	0.292	0	0	0	0	0.951092	0.00585144	0	0.5	10	100000	0.01
0.3335	0.305	0	0	0	0	0.71648	0.00507871	0	0.5	10	100000	0.01
0.3335	0.318	0	0	0	0	0.509957	0.00428468	0	0.5	10	100000	0.01
0.3335	0.331	0	0	0	0	0.673538	0.00492416	0	0.5	10	100000	0.01
0.3335	0.344	0	0	0	0	0.555188	0.00447066	0	0.5	10	100000	0.01
0.3335	0.357	0	0	0	0	0.910268	0.00572448	0	0.5	10	100000	0.01
0.3335	0.37	0	0	0	0	0.542482	0.0044192	0	0.5	10	100000	0.01
0.3465	0.253	0	0	0	0	0.858499	0.00555931	0	0.5	10	100000	0.01
0.3465	0.266	0	0	0	0	0.898485	0.00568731	0	0.5	10	100000	0.01
0.3465	0.279	0	0	0	0	0.997865	0.00599359	0	0.5	10	100000	0.01
0.3465	0.292	0	0	0	0	0.999797	0.00599939	0	0.5	10	100000	0.01
0.3465	0.305	0	0	0	0	0.75777	0.005223	0	0.5	10	100000	0.01
0.3465	0.318	0	0	0	0	0.635973	0.00478488	0	0.5	10	100000	0.01
0.3465	0.331	0	0	0	0	0.570636	0.00453243	0	0.5	10	100000	0.01
0.3465	0.344	0	0	0	0	0.586389	0.00459456	0	0.5	10	100000	0.01
0.3465	0.357	0	0	0	0	0.896269	0.00568029	0	0.5	10	100000	0.01
0.3465	0.37	0	0	0	0	0.45506	0.00404749	0	0.5	10	100000	0.01
0.3595	0.253	0	0	0	0	0.627193	0.00475173	0	0.5	10	100000	0.01
0.3595	0.266	0	0	0	0	0.486564	0.00418525	0	0.5	10	100000	0.01
0.3595	0.279	0	0	0	0	0.796381	0.00535441	0	0.5	10	100000	0.01
0.3595	0.292	0	0	0	0	0.46978	0.00411243	0	0.5	10	100000	0.01
0.3595	0.305	0	0	0	0	0.448359	0.00401758	0	0.5	10	100000	0.01
0.3595	0.318	0	0	0	0	0.946593	0.00583758	0	0.5	10	100000	0.01
0.3595	0.331	0	0	0	0	0.575518	0.00455177	0	0.5	10	100000	0.01
0.3595	0.344	0	0	0	0	0.574007	0.00454579	0	0.5	10	100000	0.01
0.3595	0.357	0	0	0	0	0.744141	0.00517582	0	0.5	10	100000	0.01
0.3595	0.37	0	0	0	0	0.804719	0.00538237	0	0.5	10	100000	0.01
0.3725	0.253	0	0	0	0	0.894671	0.00567522	0	0.5	10	100000	0.01
0.3725	0.266	0	0	0	0	0.825974	0.00545299	0	0.5	10	100000	0.01
0.3725	0.279	0	0	0	0	0.686102	0.00496988	0	0.5	10	100000	0.01
0.3725	0.292	0	0	0	0	0.540401	0.00441072	0	0.5	10	100000	0.01
0.3725	0.305	0	0	0	0	0.836454	0.00548747	0	0.5	10	100000	0.01
0.3725	0.318	0	0	0	0	0.677032	0.00493692	0	0.5	10	100000	0.01
0.3725	0.331	0	0	0	0	0.671286	0.00491592	0	0.5	10	100000	0.01
0.3725	0.344	0	0	0	0	0.966391	0.00589831	0	0.5	10	100000	0.01
0.3725	0.357	0	0	0	0	0.836882	0.00548888	0	0.5	10	100000	0.01
0.3725	0.37	0	0	0	0	0.493871	0.00421656	0	0.5	10	100000	0.01
0.3855	0.253	0	0	0	0	0.750561	0.0051981	0	0.5	10	100000	0.01
0.3855	0.266	0	0	0	0	0.63215	0.00477047	0	0.5	10	100000	0.01
0.3855	0.279	0	0	0	0	0.831141	0.00547002	0	0.5	10	100000	0.01
0.3855	0.292	0	0	0	0	0.756301	0.00521793	0	0.5	10	100000	0.01
0.3855	0.305	0	0	0	0	0.735252	0.00514481	0	0.5	10	100000	0.01
0.3855	0.318	0	0	0	0	0.619547	0.00472268	0	0.5	10	100000	0.01
0.3855	0.331	0	0	0	0	0.514354	0.00430311	0	0.5	10	100000	0.01
0.3855	0.344	0	0	0	0	0.550121	0.00445021	0	0.5	10	100000	0.01
0.3855	0.357	0	0	0	0	0.653485	0.00485031	0	0.5	10	100000	0.01
0.3855	0.37	0	0	0	0	0.872905	0.00560576	0	0.5	10	100000	0.01
0.3985	0.253	0	0	0	0	0.70398	0.00503421	0	0.5	10	100000	0.01
0.3985	0.266	0	0	0	0	0.993338	0.00597998	0	0.5	10	100000	0.01
0.3985	0.279	0	0	0	0	0.841225	0.0055031	0	0.5	10	100000	0.01
0.3985	0.292	0	0	0	0	0.611295	0.00469112	0	0.5	10	100000	0.01
0.3985	0.305	0	0	0	0	0.52272	0.00433796	0	0.5	10	100000	0.01
0.3985	0.318	0	0	0	0	0.784587	0.00531462	0	0.5	10	100000	0.01
0.3985	0.331	0	0	0	0	0.68995	0.00498379	0	0.5	10	100000	0.01
0.3985	0.344	0	0	0	0	0.473133	0.00412708	0	0.5	10	100000	0.01
0.3985	0.357	0	0	0	0	0.809855	0.00539952	0	0.5	10	100000	0.01
0.3985	0.37	0	0	0	0	0.697117	0.00500961	0	0.5	10	100000	0.01
0.4115	0.253	0	0	0	0	0.512415	0.00429499	0	0.5	10	100000	0.01
0.4115	0.266	0	0	0	0	0.966671	0.00589917	0	0.5	10	100000	0.01
0.4115	0.279	0	0	0	0	0.509594	0.00428315	0	0.5	10	100000	0.01
0.4115	0.292	0	0	0	0	0.937746	0.00581024	0	0.5	10	100000	0.01
0.4115	0.305	0	0	0	0	0.805741	0.00538578	0	0.5	10	100000	0.01
0.4115	0.318	0	0	0	0	0.589337	0.0046061	0	0.5	10	100000	0.01
0.4115	0.331	0	0	0	0	0.654242	0.00485311	0	0.5	10	100000	0.01
0.4115	0.344	0	0	0	0	0.476273	0.00414075	0	0.5	10	100000	0.01
0.4115	0.357	0	0	0	0	0.977866	0.00593323	0	0.5	10	100000	0.01
0.4115	0.37	0	0	0	0	0.799944	0.00536637	0	0.5	10	100000	0.01
0.4245	0.253	0	0	0	0	0.515157	0.00430647	0	0.5	10	100000	0.01
0.4245	0.266	0	0	0	0	0.919844	0.00575451	0	0.5	10	100000	0.01
0.4245	0.279	0	0	0	0	0.884653	0.00564336	0	0.5	10	100000	0.01
0.4245	0.292	0	0	0	0	0.740775	0.0051641	0	0.5	10	100000	0.01
0.4245	0.305	0	0	0	0	0.533558	0.0043827	0	0.5	10	100000	0.01
0.4245	0.318	0	0	0	0	0.527024	0.00435578	0	0.5	10	100000	0.01
0.4245	0.331	0	0	0	0	0.881843	0.00563439	0	0.5	10	100000	0.01
0.4245	0.344	0	0	0	0	0.680771	0.00495053	0	0.5	10	100000	0.01
0.4245	0.357	0	0	0	0	0.516268	0.00431111	0	0.5	10	100000	0.01
0.4245	0.37	0	0	0	0	0.696625	0.00500784	0	0.5	10	100000	0.01
0.4375	0.253	0	0	0	0	0.829324	0.00546403	0	0.5	10	100000	0.01
0.4375	0.266	0	0	0	0	0.642985	0.00481118	0	0.5	10	100000	0.01
0.4375	0.279	0	0	0	0	0.577387	0.00455916	0	0.5	10	100000	0.01
0.4375	0.292	0	0	0	0	0.73316	0.00513749	0	0.5	10	100000	0.01
0.4375	0.305	0	0	0	0	0.79938	0.00536448	0	0.5	10	100000	0.01
0.4375	0.318	0	0	0	0	0.843858	0.0055117	0	0.5	10	100000	0.01
0.4375	0.331	0	0	0	0	0.823203	0.00544383	0	0.5	10	100000	0.01
0.4375	0.344	0	0	0	0	0.680787	0.00495059	0	0.5	10	100000	0.01
0.4375	0.357	0	0	0	0	0.500802	0.00424604	0	0.5	10	100000	0.01
0.4375	0.37	0	0	0	0	0.622947	0.00473562	0	0.5	10	100000	0.01
0.4505	0.253	0	0	0	0	0.892824	0.00566936	0	0.5	10	100000	0.01
0.4505	0.266	0	0	0	0	0.46018	0.00407019	0	0.5	10	100000	0.01
0.4505	0.279	0	0	0	0	0.703929	0.00503403	0	0.5	10	100000	0.01
0.4505	0.292	0	0	0	0	0.787943	0.00532597	0	0.5	10	100000	0.01
0.4505	0.305	0	0	0	0	0.654061	0.00485244	0	0.5	10	100000	0.01
0.4505	0.318	0	0	0	0	0.492186	0.00420936	0	0.5	10	100000	0.01
0.4505	0.331	0	0	0	0	0.966511	0.00589868	0	0.5	10	100000	0.01
0.4505	0.344	0	0	0	0	0.948276	0.00584277	0	0.5	10	100000	0.01
0.4505	0.357	0	0	0	0	0.722243	0.00509909	0	0.5	10	100000	0.01
0.4505	0.37	0	0	0	0	0.611518	0.00469198	0	0.5	10	100000	0.01
0.4635	0.253	0	0	0	0	0.678825	0.00494345	0	0.5	10	100000	0.01
0.4635	0.266	0	0	0	0	0.626726	0.00474996	0	0.5	10	100000	0.01
0.4635	0.279	0	0	0	0	0.900588	0.00569396	0	0.5	10	100000	0.01
0.4635	0.292	0	0	0	0	0.596434	0.00463375	0	0.5	10	100000	0.01
0.4635	0.305	0	0	0	0	0.670269	0.0049122	0	0.5	10	100000	0.01
0.4635	0.318	0	0	0	0	0.573498	0.00454378	0	0.5	10	100000	0.01
0.4635	0.331	0	0	0	0	0.988679	0.00596594	0	0.5	10	100000	0.01
0.4635	0.344	0	0	0	0	0.586654	0.0045956	0	0.5	10	100000	0.01
0.4635	0.357	0	0	0	0	0.833684	0.00547838	0	0.5	10	100000	0.01
0.4635	0.37	0	0	0	0	0.732324	0.00513456	0	0.5	10	100000	0.01
0.4765	0.253	0	0	0	0	0.535819	0.00439198	0	0.5	10	100000	0.01
0.4765	0.266	0	0	0	0	0.847207	0.00552263	0	0.5	10	100000	0.01
0.4765	0.279	0	0	0	0	0.895826	0.00567888	0	0.5	10	100000	0.01
0.4765	0.292	0	0	0	0	0.638751	0.00479531	0	0.5	10	100000	0.01
0.4765	0.305	0	0	0	0	0.694945	0.0050018	0	0.5	10	100000	0.01
0.4765	0.318	0	0	0	0	0.928116	0.00578033	0	0.5	10	100000	0.01
0.4765	0.331	0	0	0	0	0.456736	0.00405493	0	0.5	10	100000	0.01
0.4765	0.344	0	0	0	0	0.996422	0.00598926	0	0.5	10	100000	0.01
0.4765	0.357	0	0	0	0	0.735357	0.00514518	0	0.5	10	100000	0.01
0.4765	0.37	0	0	0	0	0.467176	0.00410102	0	0.5	10	100000	0.01
0.4895	0.253	0	0	0	0	0.711958	0.00506265	0	0.5	10	100000	0.01
0.4895	0.266	0	0	0	0	0.534881	0.00438813	0	0.5	10	100000	0.01
0.4895	0.279	0	0	0	0	0.898099	0.00568609	0	0.5	10	100000	0.01
0.4895	0.292	0	0	0	0	0.766651	0.00525352	0	0.5	10	100000	0.01
0.4895	0.305	0	0	0	0	0.784767	0.00531523	0	0.5	10	100000	0.01
0.4895	0.318	0	0	0	0	0.536728	0.0043957	0	0.5	10	100000	0.01
0.4895	0.331	0	0	0	0	0.89754	0.00568432	0	0.5	10	100000	0.01
0.4895	0.344	0	0	0	0	0.500946	0.00424665	0	0.5	10	100000	0.01
0.4895	0.357	0	0	0	0	0.494644	0.00421986	0	0.5	10	100000	0.01
0.4895	0.37	0	0	0	0	0.836082	0.00548625	0	0.5	10	100000	0.01
0.5025	0.253	0	0	0	0	0.594989	0.00462813	0	0.5	10	100000	0.01
0.5025	0.266	0	0	0	0	0.961098	0.00588214	0	0.5	10	100000	0.01
0.5025	0.279	0	0	0	0	0.580685	0.00457216	0	0.5	10	100000	0.01
0.5025	0.292	0	0	0	0	0.606485	0.00467263	0	0.5	10	100000	0.01
0.5025	0.305	0	0	0	0	0.50897	0.00428053	0	0.5	10	100000	0.01
0.5025	0.318	0	0	0	0	0.829973	0.00546617	0	0.5	10	100000	0.01
0.5025	0.331	0	0	0	0	0.892786	0.00566924	0	0.5	10	100000	0.01
0.5025	0.344	0	0	0	0	0.814806	0.005416	0	0.5	10	100000	0.01
0.5025	0.357	0	0	0	0	0.751249	0.00520048	0	0.5	10	100000	0.01
0.5025	0.37	0	0	0	0	0.838577	0.00549443	0	0.5	10	100000	0.01
0.5155	0.253	0	0	0	0	0.563863	0.00450545	0	0.5	10	100000	0.01
0.5155	0.266	0	0	0	0	0.510975	0.00428895	0	0.5	10	100000	0.01
0.5155	0.279	0	0	0	0	0.445164	0.00400323	0	0.5	10	100000	0.01
0.5155	0.292	0	0	0	0	0.471972	0.00412201	0	0.5	10	100000	0.01
0.5155	0.305	0	0	0	0	0.874997	0.00561248	0	0.5	10	100000	0.01
0.5155	0.318	0	0	0	0	0.904164	0.00570525	0	0.5	10	100000	0.01
0.5155	0.331	0	0	0	0	0.542962	0.00442116	0	0.5	10	100000	0.01
0.5155	0.344	0	0	0	0	0.497309	0.00423121	0	0.5	10	100000	0.01
0.5155	0.357	0	0	0	0	0.72432	0.00510642	0	0.5	10	100000	0.01
0.5155	0.37	0	0	0	0	0.450801	0.0040285	0	0.5	10	100000	0.01
0.5285	0.253	0	0	0	0	0.496448	0.00422755	0	0.5	10	100000	0.01
0.5285	0.266	0	0	0	0	0.669403	0.00490902	0	0.5	10	100000	0.01
0.5285	0.279	0	0	0	0	0.841635	0.00550444	0	0.5	10	100000	0.01
0.5285	0.292	0	0	0	0	0.80171	0.0053723	0	0.5	10	100000	0.01
0.5285	0.305	0	0	0	0	0.718789	0.00508689	0	0.5	10	100000	0.01
0.5285	0.318	0	0	0	0	0.477889	0.00414777	0	0.5	10	100000	0.01
0.5285	0.331	0	0	0	0	0.659734	0.00487344	0	0.5	10	100000	0.01
0.5285	0.344	0	0	0	0	0.538727	0.00440388	0	0.5	10	100000	0.01
0.5285	0.357	0	0	0	0	0.807733	0.00539244	0	0.5	10	100000	0.01
0.5285	0.37	0	0	0	0	0.582857	0.00458071	0	0.5	10	100000	0.01
0.45	0.221	0	0	0	0	5	0.025	0	0.5	10	100000	0.01
