181
0
1
1e-6
0	-9.81	0
0.25	0.19	0	0	0	0	1	0.005	5	0.5	10	100000	0.01
0.26	0.19	0	0	0	0	1	0.005	5	0.5	10	100000	0.01
0.27	0.19	0	0	0	0	1	0.005	5	0.5	10	100000	0.01
0.28	0.19	0	0	0	0	1	0.005	5	0.5	10	100000	0.01
0.29	0.19	0	0	0	0	1	0.005	5	0.5	10	100000	0.01
0.3	0.19	0	0	0	0	1	0.005	5	0.5	10	100000	0.01
0.31	0.19	0	0	0	0	1	0.005	5	0.5	10	100000	0.01
0.32	0.19	0	0	0	0	1	0.005	5	0.5	10	100000	0.01
0.33	0.19	0	0	0	0	1	0.005	5	0.5	10	100000	0.01
0.34	0.19	0	0	0	0	1	0.005	5	0.5	10	100000	0.01
0.35	0.19	0	0	0	0	1	0.005	5	0.5	10	100000	0.01
0.36	0.19	0	0	0	0	1	0.005	5	0.5	10	100000	0.01
0.37	0.19	0	0	0	0	1	0.005	5	0.5	10	100000	0.01
0.38	0.19	0	0	0	0	1	0.005	5	0.5	10	100000	0.01
0.39	0.19	0	0	0	0	1	0.005	5	0.5	10	100000	0.01
0.4	0.19	0	0	0	0	1	0.005	5	0.5	10	100000	0.01
0.41	0.19	0	0	0	0	1	0.005	5	0.5	10	100000	0.01
0.42	0.19	0	0	0	0	1	0.005	5	0.5	10	100000	0.01
0.43	0.19	0	0	0	0	1	0.005	5	0.5	10	100000	0.01
0.44	0.19	0	0	0	0	1	0.005	5	0.5	10	100000	0.01
0.45	0.19	0	0	0	0	1	0.005	5	0.5	10	100000	0.01
0.46	0.19	0	0	0	0	1	0.005	5	0.5	10	100000	0.01
0.47	0.19	0	0	0	0	1	0.005	5	0.5	10	100000	0.01
0.48	0.19	0	0	0	0	1	0.005	5	0.5	10	100000	0.01
0.49	0.19	0	0	0	0	1	0.005	5	0.5	10	100000	0.01
0.5	0.19	0	0	0	0	1	0.005	5	0.5	10	100000	0.01
0.51	0.19	0	0	0	0	1	0.005	5	0.5	10	100000	0.01
0.52	0.19	0	0	0	0	1	0.005	5	0.5	10	100000	0.01
0.53	0.19	0	0	0	0	1	0.005	5	0.5	10	100000	0.01
0.54	0.19	0	0	0	0	1	0.005	5	0.5	10	100000	0.01
0.55	0.19	0	0	0	0	1	0.005	5	0.5	10	100000	0.01
0.56	0.19	0	0	0	0	1	0.005	5	0.5	10	100000	0.01
0.57	0.19	0	0	0	0	1	0.005	5	0.5	10	100000	0.01
0.58	0.19	0	0	0	0	1	0.005	5	0.5	10	100000	0.01
0.59	0.19	0	0	0	0	1	0.005	5	0.5	10	100000	0.01
0.6	0.19	0	0	0	0	1	0.005	5	0.5	10	100000	0.01
0.61	0.19	0	0	0	0	1	0.005	5	0.5	10	100000	0.01
0.62	0.19	0	0	0	0	1	0.005	5	0.5	10	100000	0.01
0.63	0.19	0	0	0	0	1	0.005	5	0.5	10	100000	0.01
0.64	0.19	0	0	0	0	1	0.005	5	0.5	10	100000	0.01
0.65	0.19	0	0	0	0	1	0.005	5	0.5	10	100000	0.01
0.66	0.19	0	0	0	0	1	0.005	5	0.5	10	100000	0.01
0.67	0.19	0	0	0	0	1	0.005	5	0.5	10	100000	0.01
0.68	0.19	0	0	0	0	1	0.005	5	0.5	10	100000	0.01
0.69	0.19	0	0	0	0	1	0.005	5	0.5	10	100000	0.01
0.7	0.19	0	0	0	0	1	0.005	5	0.5	10	100000	0.01
0.71	0.19	0	0	0	0	1	0.005	5	0.5	10	100000	0.01
0.72	0.19	0	0	0	0	1	0.005	5	0.5	10	100000	0.01
0.73	0.19	0	0	0	0	1	0.005	5	0.5	10	100000	0.01
0.74	0.19	0	0	0	0	1	0.005	5	0.5	10	100000	0.01
0.75	0.19	0	0	0	0	1	0.005	5	0.5	10	100000	0.01
0.76	0.19	0	0	0	0	1	0.005	5	0.5	10	100000	0.01
0.77	0.19	0	0	0	0	1	0.005	5	0.5	10	100000	0.01
0.78	0.19	0	0	0	0	1	0.005	5	0.5	10	100000	0.01
0.79	0.19	0	0	0	0	1	0.005	5	0.5	10	100000	0.01
0.8	0.19	0	0	0	0	1	0.005	5	0.5	10	100000	0.01
0.81	0.19	0	0	0	0	1	0.005	5	0.5	10	100000	0.01
0.82	0.19	0	0	0	0	1	0.005	5	0.5	10	100000	0.01
0.83	0.19	0	0	0	0	1	0.005	5	0.5	10	100000	0.01
0.84	0.19	0	0	0	0	1	0.005	5	0.5	10	100000	0.01
0.85	0.19	0	0	0	0	1	0.005	5	0.5	10	100000	0.01
0.86	0.19	0	0	0	0	1	0.005	5	0.5	10	100000	0.01
0.87	0.19	0	0	0	0	1	0.005	5	0.5	10	100000	0.01
0.88	0.19	0	0	0	0	1	0.005	5	0.5	10	100000	0.01
0.89	0.19	0	0	0	0	1	0.005	5	0.5	10	100000	0.01
0.9	0.19	0	0	0	0	1	0.005	5	0.5	10	100000	0.01
0.91	0.19	0	0	0	0	1	0.005	5	0.5	10	100000	0.01
0.92	0.19	0	0	0	0	1	0.005	5	0.5	10	100000	0.01
0.93	0.19	0	0	0	0	1	0.005	5	0.5	10	100000	0.01
0.94	0.19	0	0	0	0	1	0.005	5	0.5	10	100000	0.01
0.95	0.19	0	0	0	0	1	0.005	5	0.5	10	100000	0.01
0.96	0.19	0	0	0	0	1	0.005	5	0.5	10	100000	0.01
0.97	0.19	0	0	0	0	1	0.005	5	0.5	10	100000	0.01
0.98	0.19	0	0	0	0	1	0.005	5	0.5	10	100000	0.01
0.99	0.19	0	0	0	0	1	0.005	5	0.5	10	100000	0.01
1	0.19	0	0	0	0	1	0.005	5	0.5	10	100000	0.01
1.01	0.19	0	0	0	0	1	0.005	5	0.5	10	100000	0.01
1.02	0.19	0	0	0	0	1	0.005	5	0.5	10	100000	0.01
1.03	0.19	0	0	0	0	1	0.005	5	0.5	10	100000	0.01
1.04	0.19	0	0	0	0	1	0.005	5	0.5	10	100000	0.01
1.05	0.19	0	0	0	0	1	0.005	5	0.5	10	100000	0.01
1.06	0.19	0	0	0	0	1	0.005	5	0.5	10	100000	0.01
1.07	0.19	0	0	0	0	1	0.005	5	0.5	10	100000	0.01
1.08	0.19	0	0	0	0	1	0.005	5	0.5	10	100000	0.01
1.09	0.19	0	0	0	0	1	0.005	5	0.5	10	100000	0.01
1.1	0.19	0	0	0	0	1	0.005	5	0.5	10	100000	0.01
1.11	0.19	0	0	0	0	1	0.005	5	0.5	10	100000	0.01
1.12	0.19	0	0	0	0	1	0.005	5	0.5	10	100000	0.01
1.13	0.19	0	0	0	0	1	0.005	5	0.5	10	100000	0.01
1.14	0.19	0	0	0	0	1	0.005	5	0.5	10	100000	0.01
1.15	0.19	0	0	0	0	1	0.005	5	0.5	10	100000	0.01
1.16	0.19	0	0	0	0	1	0.005	5	0.5	10	100000	0.01
1.17	0.19	0	0	0	0	1	0.005	5	0.5	10	100000	0.01
1.18	0.19	0	0	0	0	1	0.005	5	0.5	10	100000	0.01
1.19	0.19	0	0	0	0	1	0.005	5	0.5	10	100000	0.01
1.2	0.19	0	0	0	0	1	0.005	5	0.5	10	100000	0.01
1.21	0.19	0	0	0	0	1	0.005	5	0.5	10	100000	0.01
1.22	0.19	0	0	0	0	1	0.005	5	0.5	10	100000	0.01
1.23	0.19	0	0	0	0	1	0.005	5	0.5	10	100000	0.01
1.24	0.19	0	0	0	0	1	0.005	5	0.5	10	100000	0.01
0.25	0.19	0	0	0	0	1	0.005	5	0.5	10	100000	0.01
1.25	0.19	0	0	0	0	1	0.005	5	0.5	10	100000	0.01
0.25	0.2	0	0	0	0	1	0.005	5	0.5	10	100000	0.01
1.25	0.2	0	0	0	0	1	0.005	5	0.5	10	100000	0.01
0.25	0.21	0	0	0	0	1	0.005	5	0.5	10	100000	0.01
1.25	0.21	0	0	0	0	1	0.005	5	0.5	10	100000	0.01
0.25	0.22	0	0	0	0	1	0.005	5	0.5	10	100000	0.01
1.25	0.22	0	0	0	0	1	0.005	5	0.5	10	100000	0.01
0.25	0.23	0	0	0	0	1	0.005	5	0.5	10	100000	0.01
1.25	0.23	0	0	0	0	1	0.005	5	0.5	10	100000	0.01
0.25	0.24	0	0	0	0	1	0.005	5	0.5	10	100000	0.01
1.25	0.24	0	0	0	0	1	0.005	5	0.5	10	100000	0.01
0.25	0.25	0	0	0	0	1	0.005	5	0.5	10	100000	0.01
1.25	0.25	0	0	0	0	1	0.005	5	0.5	10	100000	0.01
0.25	0.26	0	0	0	0	1	0.005	5	0.5	10	100000	0.01
1.25	0.26	0	0	0	0	1	0.005	5	0.5	10	100000	0.01
0.25	0.27	0	0	0	0	1	0.005	5	0.5	10	100000	0.01
1.25	0.27	0	0	0	0	1	0.005	5	0.5	10	100000	0.01
0.25	0.28	0	0	0	0	1	0.005	5	0.5	10	100000	0.01
1.25	0.28	0	0	0	0	1	0.005	5	0.5	10	100000	0.01
0.25	0.29	0	0	0	0	1	0.005	5	0.5	10	100000	0.01
1.25	0.29	0	0	0	0	1	0.005	5	0.5	10	100000	0.01
0.25	0.3	0	0	0	0	1	0.005	5	0.5	10	100000	0.01
1.25	0.3	0	0	0	0	1	0.005	5	0.5	10	100000	0.01
0.25	0.31	0	0	0	0	1	0.005	5	0.5	10	100000	0.01
1.25	0.31	0	0	0	0	1	0.005	5	0.5	10	100000	0.01
0.25	0.32	0	0	0	0	1	0.005	5	0.5	10	100000	0.01
1.25	0.32	0	0	0	0	1	0.005	5	0.5	10	100000	0.01
0.25	0.33	0	0	0	0	1	0.005	5	0.5	10	100000	0.01
1.25	0.33	0	0	0	0	1	0.005	5	0.5	10	100000	0.01
0.25	0.34	0	0	0	0	1	0.005	5	0.5	10	100000	0.01
1.25	0.34	0	0	0	0	1	0.005	5	0.5	10	100000	0.01
0.25	0.35	0	0	0	0	1	0.005	5	0.5	10	100000	0.01
1.25	0.35	0	0	0	0	1	0.005	5	0.5	10	100000	0.01
0.25	0.36	0	0	0	0	1	0.005	5	0.5	10	100000	0.01
1.25	0.36	0	0	0	0	1	0.005	5	0.5	10	100000	0.01
0.25	0.37	0	0	0	0	1	0.005	5	0.5	10	100000	0.01
1.25	0.37	0	0	0	0	1	0.005	5	0.5	10	100000	0.01
0.25	0.38	0	0	0	0	1	0.005	5	0.5	10	100000	0.01
1.25	0.38	0	0	0	0	1	0.005	5	0.5	10	100000	0.01
0.25	0.39	0	0	0	0	1	0.005	5	0.5	10	100000	0.01
1.25	0.39	0	0	0	0	1	0.005	5	0.5	10	100000	0.01
0.25	0.4	0	0	0	0	1	0.005	5	0.5	10	100000	0.01
1.25	0.4	0	0	0	0	1	0.005	5	0.5	10	100000	0.01
0.25	0.41	0	0	0	0	1	0.005	5	0.5	10	100000	0.01
1.25	0.41	0	0	0	0	1	0.005	5	0.5	10	100000	0.01
0.25	0.42	0	0	0	0	1	0.005	5	0.5	10	100000	0.01
1.25	0.42	0	0	0	0	1	0.005	5	0.5	10	100000	0.01
0.25	0.43	0	0	0	0	1	0.005	5	0.5	10	100000	0.01
1.25	0.43	0	0	0	0	1	0.005	5	0.5	10	100000	0.01
0.25	0.44	0	0	0	0	1	0.005	5	0.5	10	100000	0.01
1.25	0.44	0	0	0	0	1	0.005	5	0.5	10	100000	0.01
0.25	0.45	0	0	0	0	1	0.005	5	0.5	10	100000	0.01
1.25	0.45	0	0	0	0	1	0.005	5	0.5	10	100000	0.01
0.25	0.46	0	0	0	0	1	0.005	5	0.5	10	100000	0.01
1.25	0.46	0	0	0	0	1	0.005	5	0.5	10	100000	0.01
0.25	0.47	0	0	0	0	1	0.005	5	0.5	10	100000	0.01
1.25	0.47	0	0	0	0	1	0.005	5	0.5	10	100000	0.01
0.25	0.48	0	0	0	0	1	0.005	5	0.5	10	100000	0.01
1.25	0.48	0	0	0	0	1	0.005	5	0.5	10	100000	0.01
0.25	0.49	0	0	0	0	1	0.005	5	0.5	10	100000	0.01
1.25	0.49	0	0	0	0	1	0.005	5	0.5	10	100000	0.01
0.25	0.5	0	0	0	0	1	0.005	5	0.5	10	100000	0.01
1.25	0.5	0	0	0	0	1	0.005	5	0.5	10	100000	0.01
0.25	0.51	0	0	0	0	1	0.005	5	0.5	10	100000	0.01
1.25	0.51	0	0	0	0	1	0.005	5	0.5	10	100000	0.01
0.25	0.52	0	0	0	0	1	0.005	5	0.5	10	100000	0.01
1.25	0.52	0	0	0	0	1	0.005	5	0.5	10	100000	0.01
0.25	0.53	0	0	0	0	1	0.005	5	0.5	10	100000	0.01
1.25	0.53	0	0	0	0	1	0.005	5	0.5	10	100000	0.01
0.25	0.54	0	0	0	0	1	0.005	5	0.5	10	100000	0.01
1.25	0.54	0	0	0	0	1	0.005	5	0.5	10	100000	0.01
0.25	0.55	0	0	0	0	1	0.005	5	0.5	10	100000	0.01
1.25	0.55	0	0	0	0	1	0.005	5	0.5	10	100000	0.01
0.25	0.56	0	0	0	0	1	0.005	5	0.5	10	100000	0.01
1.25	0.56	0	0	0	0	1	0.005	5	0.5	10	100000	0.01
0.25	0.57	0	0	0	0	1	0.005	5	0.5	10	100000	0.01
1.25	0.57	0	0	0	0	1	0.005	5	0.5	10	100000	0.01
0.25	0.58	0	0	0	0	1	0.005	5	0.5	10	100000	0.01
1.25	0.58	0	0	0	0	1	0.005	5	0.5	10	100000	0.01
0.2815	0.2525	0	0	0	0	1	0.005	0	0.5	10	100000	0.01
0.2815	0.2655	0	0	0	0	1	0.005	0	0.5	10	100000	0.01
0.2815	0.2785	0	0	0	0	1	0.005	0	0.5	10	100000	0.01
0.2815	0.2915	0	0	0	0	1	0.005	0	0.5	10	100000	0.01
0.2815	0.3045	0	0	0	0	1	0.005	0	0.5	10	100000	0.01
0.2815	0.3175	0	0	0	0	1	0.005	0	0.5	10	100000	0.01
0.2815	0.3305	0	0	0	0	1	0.005	0	0.5	10	100000	0.01
0.2815	0.3435	0	0	0	0	1	0.005	0	0.5	10	100000	0.01
0.2815	0.3565	0	0	0	0	1	0.005	0	0.5	10	100000	0.01
0.2815	0.3695	0	0	0	0	1	0.005	0	0.5	10	100000	0.01
0.2945	0.2525	0	0	0	0	1	0.005	0	0.5	10	100000	0.01
0.2945	0.2655	0	0	0	0	1	0.005	0	0.5	10	100000	0.01
0.2945	0.2785	0	0	0	0	1	0.005	0	0.5	10	100000	0.01
0.2945	0.2915	0	0	0	0	1	0.005	0	0.5	10	100000	0.01
0.2945	0.3045	0	0	0	0	1	0.005	0	0.5	10	100000	0.01
0.2945	0.3175	0	0	0	0	1	0.005	0	0.5	10	100000	0.01
0.2945	0.3305	0	0	0	0	1	0.005	0	0.5	10	100000	0.01
0.2945	0.3435	0	0	0	0	1	0.005	0	0.5	10	100000	0.01
0.2945	0.3565	0	0	0	0	1	0.005	0	0.5	10	100000	0.01
0.2945	0.3695	0	0	0	0	1	0.005	0	0.5	10	100000	0.01
0.3075	0.2525	0	0	0	0	1	0.005	0	0.5	10	100000	0.01
0.3075	0.2655	0	0	0	0	1	0.005	0	0.5	10	100000	0.01
0.3075	0.2785	0	0	0	0	1	0.005	0	0.5	10	100000	0.01
0.3075	0.2915	0	0	0	0	1	0.005	0	0.5	10	100000	0.01
0.3075	0.3045	0	0	0	0	1	0.005	0	0.5	10	100000	0.01
0.3075	0.3175	0	0	0	0	1	0.005	0	0.5	10	100000	0.01
0.3075	0.3305	0	0	0	0	1	0.005	0	0.5	10	100000	0.01
0.3075	0.3435	0	0	0	0	1	0.005	0	0.5	10	100000	0.01
0.3075	0.3565	0	0	0	0	1	0.005	0	0.5	10	100000	0.01
0.3075	0.3695	0	0	0	0	1	0.005	0	0.5	10	100000	0.01
0.3205	0.2525	0	0	0	0	1	0.005	0	0.5	10	100000	0.01
0.3205	0.2655	0	0	0	0	1	0.005	0	0.5	10	100000	0.01
0.3205	0.2785	0	0	0	0	1	0.005	0	0.5	10	100000	0.01
0.3205	0.2915	0	0	0	0	1	0.005	0	0.5	10	100000	0.01
0.3205	0.3045	0	0	0	0	1	0.005	0	0.5	10	100000	0.01
0.3205	0.3175	0	0	0	0	1	0.005	0	0.5	10	100000	0.01
0.3205	0.3305	0	0	0	0	1	0.005	0	0.5	10	100000	0.01
0.3205	0.3435	0	0	0	0	1	0.005	0	0.5	10	100000	0.01
0.3205	0.3565	0	0	0	0	1	0.005	0	0.5	10	100000	0.01
0.3205	0.3695	0	0	0	0	1	0.005	0	0.5	10	100000	0.01
0.3335	0.2525	0	0	0	0	1	0.005	0	0.5	10	100000	0.01
0.3335	0.2655	0	0	0	0	1	0.005	0	0.5	10	100000	0.01
0.3335	0.2785	0	0	0	0	1	0.005	0	0.5	10	100000	0.01
0.3335	0.2915	0	0	0	0	1	0.005	0	0.5	10	100000	0.01
0.3335	0.3045	0	0	0	0	1	0.005	0	0.5	10	100000	0.01
0.3335	0.3175	0	0	0	0	1	0.005	0	0.5	10	100000	0.01
0.3335	0.3305	0	0	0	0	1	0.005	0	0.5	10	100000	0.01
0.3335	0.3435	0	0	0	0	1	0.005	0	0.5	10	100000	0.01
0.3335	0.3565	0	0	0	0	1	0.005	0	0.5	10	100000	0.01
0.3335	0.3695	0	0	0	0	1	0.005	0	0.5	10	100000	0.01
0.3465	0.2525	0	0	0	0	1	0.005	0	0.5	10	100000	0.01
0.3465	0.2655	0	0	0	0	1	0.005	0	0.5	10	100000	0.01
0.3465	0.2785	0	0	0	0	1	0.005	0	0.5	10	100000	0.01
0.3465	0.2915	0	0	0	0	1	0.005	0	0.5	10	100000	0.01
0.3465	0.3045	0	0	0	0	1	0.005	0	0.5	10	100000	0.01
0.3465	0.3175	0	0	0	0	1	0.005	0	0.5	10	100000	0.01
0.3465	0.3305	0	0	0	0	1	0.005	0	0.5	10	100000	0.01
0.3465	0.3435	0	0	0	0	1	0.005	0	0.5	10	100000	0.01
0.3465	0.3565	0	0	0	0	1	0.005	0	0.5	10	100000	0.01
0.3465	0.3695	0	0	0	0	1	0.005	0	0.5	10	100000	0.01
0.3595	0.2525	0	0	0	0	1	0.005	0	0.5	10	100000	0.01
0.3595	0.2655	0	0	0	0	1	0.005	0	0.5	10	100000	0.01
0.3595	0.2785	0	0	0	0	1	0.005	0	0.5	10	100000	0.01
0.3595	0.2915	0	0	0	0	1	0.005	0	0.5	10	100000	0.01
0.3595	0.3045	0	0	0	0	1	0.005	0	0.5	10	100000	0.01
0.3595	0.3175	0	0	0	0	1	0.005	0	0.5	10	100000	0.01
0.3595	0.3305	0	0	0	0	1	0.005	0	0.5	10	100000	0.01
0.3595	0.3435	0	0	0	0	1	0.005	0	0.5	10	100000	0.01
0.3595	0.3565	0	0	0	0	1	0.005	0	0.5	10	100000	0.01
0.3595	0.3695	0	0	0	0	1	0.005	0	0.5	10	100000	0.01
0.3725	0.2525	0	0	0	0	1	0.005	0	0.5	10	100000	0.01
0.3725	0.2655	0	0	0	0	1	0.005	0	0.5	10	100000	0.01
0.3725	0.2785	0	0	0	0	1	0.005	0	0.5	10	100000	0.01
0.3725	0.2915	0	0	0	0	1	0.005	0	0.5	10	100000	0.01
0.3725	0.3045	0	0	0	0	1	0.005	0	0.5	10	100000	0.01
0.3725	0.3175	0	0	0	0	1	0.005	0	0.5	10	100000	0.01
0.3725	0.3305	0	0	0	0	1	0.005	0	0.5	10	100000	0.01
0.3725	0.3435	0	0	0	0	1	0.005	0	0.5	10	100000	0.01
0.3725	0.3565	0	0	0	0	1	0.005	0	0.5	10	100000	0.01
0.3725	0.3695	0	0	0	0	1	0.005	0	0.5	10	100000	0.01
0.3855	0.2525	0	0	0	0	1	0.005	0	0.5	10	100000	0.01
0.3855	0.2655	0	0	0	0	1	0.005	0	0.5	10	100000	0.01
0.3855	0.2785	0	0	0	0	1	0.005	0	0.5	10	100000	0.01
0.3855	0.2915	0	0	0	0	1	0.005	0	0.5	10	100000	0.01
0.3855	0.3045	0	0	0	0	1	0.005	0	0.5	10	100000	0.01
0.3855	0.3175	0	0	0	0	1	0.005	0	0.5	10	100000	0.01
0.3855	0.3305	0	0	0	0	1	0.005	0	0.5	10	100000	0.01
0.3855	0.3435	0	0	0	0	1	0.005	0	0.5	10	100000	0.01
0.3855	0.3565	0	0	0	0	1	0.005	0	0.5	10	100000	0.01
0.3855	0.3695	0	0	0	0	1	0.005	0	0.5	10	100000	0.01
0.3985	0.2525	0	0	0	0	1	0.005	0	0.5	10	100000	0.01
0.3985	0.2655	0	0	0	0	1	0.005	0	0.5	10	100000	0.01
0.3985	0.2785	0	0	0	0	1	0.005	0	0.5	10	100000	0.01
0.3985	0.2915	0	0	0	0	1	0.005	0	0.5	10	100000	0.01
0.3985	0.3045	0	0	0	0	1	0.005	0	0.5	10	100000	0.01
0.3985	0.3175	0	0	0	0	1	0.005	0	0.5	10	100000	0.01
0.3985	0.3305	0	0	0	0	1	0.005	0	0.5	10	100000	0.01
0.3985	0.3435	0	0	0	0	1	0.005	0	0.5	10	100000	0.01
0.3985	0.3565	0	0	0	0	1	0.005	0	0.5	10	100000	0.01
0.3985	0.3695	0	0	0	0	1	0.005	0	0.5	10	100000	0.01
